file_name,zero_crossing_rate,zero_crossings,spectrogram,mel_spectrogram,harmonics,perceptual_shock_wave,spectral_centroids,spectral_centroids_delta,spectral_centroids_accelerate,chroma1,chroma2,chroma3,chroma4,chroma5,chroma6,chroma7,chroma8,chroma9,chroma10,chroma11,chroma12,tempo_bpm,spectral_rolloff,spectral_flux,spectral_bandwidth_2,spectral_bandwidth_3,spectral_bandwidth_4,mfcc0,mfcc_delta_0,mfcc_accelerate_0,mfcc1,mfcc_delta_1,mfcc_accelerate_1,mfcc2,mfcc_delta_2,mfcc_accelerate_2,mfcc3,mfcc_delta_3,mfcc_accelerate_3,mfcc4,mfcc_delta_4,mfcc_accelerate_4,mfcc5,mfcc_delta_5,mfcc_accelerate_5,mfcc6,mfcc_delta_6,mfcc_accelerate_6,mfcc7,mfcc_delta_7,mfcc_accelerate_7,mfcc8,mfcc_delta_8,mfcc_accelerate_8,mfcc9,mfcc_delta_9,mfcc_accelerate_9,mfcc10,mfcc_delta_10,mfcc_accelerate_10,mfcc11,mfcc_delta_11,mfcc_accelerate_11,mfcc12,mfcc_delta_12,mfcc_accelerate_12,mfcc13,mfcc_delta_13,mfcc_accelerate_13,mfcc14,mfcc_delta_14,mfcc_accelerate_14,mfcc15,mfcc_delta_15,mfcc_accelerate_15,mfcc16,mfcc_delta_16,mfcc_accelerate_16,mfcc17,mfcc_delta_17,mfcc_accelerate_17,mfcc18,mfcc_delta_18,mfcc_accelerate_18,mfcc19,mfcc_delta_19,mfcc_accelerate_19
data/train_audio/blujay/XC109162.mp3,0.13173371737496584,247071,-72.95500946044922,-80.0,-1.5967659194870976e-08,4.9243475075400056e-08,2489.0523431015768,-0.07009182905575881,0.09872201524445912,0.6325082182884216,0.6237038373947144,0.6404528617858887,0.6359957456588745,0.6214682459831238,0.5918143391609192,0.5980578064918518,0.6385809779167175,0.6422723531723022,0.6224599480628967,0.6079387068748474,0.6413928270339966,151.99908088235293,5448.265260423784,0.7188750505447388,2594.822993389741,3161.8091892582975,3666.723875762098,-553.2962646484375,0.01657818630337715,-0.007805543020367622,51.55878448486328,0.007231847383081913,-0.006812297273427248,3.394348382949829,-0.0061946469359099865,0.0007770552765578032,-4.978195667266846,4.175029243924655e-05,0.002422735095024109,1.9850389957427979,0.0019236671505495906,-0.00041326216887682676,5.709693908691406,0.0009438129491172731,-0.0008133709197863936,2.9657416343688965,7.688950427109376e-05,0.0001714755780994892,2.055408477783203,0.00018076985725201666,0.0011449691373854876,0.7614835500717163,0.0015197501052170992,0.0011405425611883402,1.6276590824127197,0.0008575636893510818,-5.4451309551950544e-05,1.8163872957229614,0.000692525936756283,0.0006082505569793284,0.42144960165023804,-0.0005444071721285582,0.0019231931073591113,-0.2977437376976013,0.0006026194314472377,0.0012986185029149055,2.0386252403259277,0.0024076809640973806,-0.00016927995602600276,0.43357306718826294,-0.0017789356643334031,-0.0006707017892040312,1.060357689857483,-0.003052409738302231,-0.00028328245389275253,0.6891505718231201,-0.0003331349289510399,-0.0006506182253360748,0.8279176354408264,-0.0004786487843375653,-0.0012706262059509754,0.5090702176094055,-0.0002905740693677217,-0.0010668043978512287,1.9322773218154907,0.0015637490432709455,-0.0013166138669475913
data/train_audio/blujay/XC109601.mp3,0.24834841979461755,45024,-79.79888153076172,-80.0,-1.1704906910381396e-07,-1.8517441731091822e-06,3341.0058011751103,-1.3058364117310406,0.6833351934466877,0.40205517411231995,0.42377743124961853,0.3708246350288391,0.35369718074798584,0.3797807991504669,0.44525787234306335,0.5847575068473816,0.6753273606300354,0.5584717392921448,0.3807344138622284,0.38984057307243347,0.3766917884349823,99.38401442307692,6007.855172738137,1.123680591583252,2191.791617194861,2562.276497377346,2918.7617562044484,-211.9259033203125,0.11458655446767807,-0.10676941275596619,27.15131950378418,0.05259197950363159,-0.031037986278533936,-69.13507843017578,-0.04952823370695114,0.011445669457316399,-17.702449798583984,0.0152964498847723,0.013965516351163387,-44.5536003112793,-0.013836560770869255,0.0059587894938886166,0.20714588463306427,0.03799334168434143,-0.004681818187236786,-20.480249404907227,0.007531171664595604,0.02018527127802372,-4.92822790145874,-0.02277938649058342,0.030990641564130783,-22.524154663085938,0.0032475527841597795,0.008478045463562012,-3.761648654937744,-0.004876290913671255,0.008028573356568813,-10.550150871276855,0.028285304084420204,-0.007946980185806751,-16.732797622680664,-0.0032066244166344404,0.017160765826702118,-3.714843988418579,-0.002459042239934206,0.012363617308437824,-7.6568145751953125,-0.00764453923329711,0.005302506033331156,-12.08566665649414,-0.004587773233652115,0.010314772836863995,-1.3818989992141724,-0.006205206271260977,0.017506424337625504,-10.940900802612305,0.011849315837025642,0.04117543250322342,-1.0311827659606934,-0.0010869442485272884,0.002271745353937149,-6.867782115936279,-0.020921004936099052,0.008862853050231934,6.724177837371826,0.014086088165640831,-0.004240383859723806
data/train_audio/blujay/XC114085.mp3,0.05871859463778409,10664,-22.96975326538086,-31.266803741455078,-8.687105582794175e-05,4.290718788979575e-05,1235.9974559624463,2.169298904755644,0.8912152457353183,0.5839119553565979,0.5060434937477112,0.5028864145278931,0.4515792727470398,0.4377897381782532,0.4997404217720032,0.5104455947875977,0.6727880239486694,0.5385173559188843,0.41418612003326416,0.417648047208786,0.5427587032318115,95.703125,2339.044189453125,1.182658314704895,1602.5167332597587,2244.0130870967246,2881.600954682852,-256.3237609863281,0.1376688927412033,-0.2638855278491974,147.56858825683594,-0.09928303211927414,-0.08131682872772217,-25.138957977294922,-0.0824979618191719,0.037869226187467575,17.763042449951172,0.07759993523359299,0.015483810566365719,4.491217613220215,-0.011063635349273682,0.013398682698607445,8.32559871673584,-0.03588135167956352,-0.02507762983441353,3.8722658157348633,-0.0019181736279278994,0.014555719681084156,13.168315887451172,0.052174199372529984,-0.014458661898970604,5.381293773651123,0.026342153549194336,-0.013856083154678345,4.931025505065918,0.011856350116431713,-0.005450341384857893,6.102708339691162,0.06453457474708557,-0.011070889420807362,2.728489398956299,-0.021660763770341873,0.009595700539648533,1.9736981391906738,-0.061429109424352646,0.01613970845937729,7.979099750518799,0.0143154077231884,-0.025944389402866364,0.10425090789794922,0.009613909758627415,-0.005878138821572065,5.653712272644043,-0.03387029096484184,-0.0009729970479384065,10.29897403717041,-0.005022891331464052,-0.012061238288879395,0.8520612120628357,0.025179831311106682,-0.002899627899751067,-1.0814167261123657,-0.025555459782481194,0.02770298719406128,13.334039688110352,0.0036588041111826897,-0.032992780208587646
data/train_audio/blujay/XC116372.mp3,0.19508478139013452,22335,-79.80528259277344,-80.0,1.950783357074215e-08,-1.2187896913928853e-07,3129.859126457888,0.5789635637589496,-0.47176607789570346,0.5883816480636597,0.5774791240692139,0.5676347613334656,0.5451970100402832,0.5080820918083191,0.5463983416557312,0.5638217926025391,0.5599467754364014,0.5615214705467224,0.5323715209960938,0.5414857268333435,0.5671290159225464,161.4990234375,6438.089769303531,0.9984489679336548,2623.4140280872416,3094.1157554135693,3512.2270373344327,-358.4709777832031,-0.19975732266902924,-0.15716241300106049,55.161598205566406,-0.1020132303237915,-0.06554684787988663,-40.619728088378906,0.07016731798648834,0.06874652206897736,-12.296393394470215,0.03009115718305111,0.031383782625198364,-14.718379974365234,0.009955940768122673,0.02044644206762314,-16.88889503479004,0.021339621394872665,0.022319400683045387,-18.12883949279785,0.04579080641269684,0.027797700837254524,-5.00978422164917,0.041041117161512375,0.01895175874233246,-15.254100799560547,-0.021329490467905998,0.005502539686858654,-5.575424671173096,-0.04501376301050186,-0.0008158299024216831,-7.769585132598877,-0.027103394269943237,0.009502386674284935,-5.476855278015137,0.01662263460457325,0.014817102812230587,-5.15257453918457,0.03803529962897301,-0.005739410407841206,-2.741164207458496,0.005267956759780645,-0.006179405376315117,-7.460659027099609,-0.022327134385704994,0.02722315676510334,-2.556130886077881,-5.573969610850327e-05,0.03301100805401802,-3.2845656871795654,0.01404718216508627,0.0026148378383368254,-2.7892916202545166,0.028448326513171196,-0.008848379366099834,-7.4751176834106445,0.007659123279154301,-0.008621572516858578,-1.5125685930252075,-0.010682806372642517,-0.003892673412337899
data/train_audio/blujay/XC116373.mp3,0.15579555345618207,176257,-70.53584289550781,-79.57562255859375,-8.241961779731355e-08,4.1786310589486675e-07,2600.6151360559043,-0.18750665475445608,-0.03322270525511195,0.4856681823730469,0.4538203179836273,0.41585564613342285,0.43675291538238525,0.5428305268287659,0.5183402895927429,0.44966667890548706,0.4354878067970276,0.5514848232269287,0.5923812389373779,0.5133718848228455,0.4983578026294708,215.33203125,5178.140457816746,1.1320674419403076,2364.2023085160818,2925.7267135552147,3421.498120009584,-313.15350341796875,-0.002745600650086999,-0.011752637103199959,80.11077117919922,-0.00024068528728093952,-0.013234199024736881,-21.287750244140625,-0.006707018706947565,-0.001727308495901525,8.240110397338867,-0.005118710454553366,0.0026579040568321943,-3.1805012226104736,0.002309907926246524,0.001420381711795926,8.589456558227539,0.0048414855264127254,0.0012424042215570807,5.480457305908203,0.007366501726210117,0.0009571044938638806,11.9217529296875,-0.0004034098528791219,0.0022838551085442305,-7.366443634033203,0.000931594695430249,-0.0015154286520555615,5.495595932006836,4.4389911636244506e-05,-0.0015820290427654982,-0.8587620854377747,0.0024944802280515432,-0.0004576505161821842,-5.508543014526367,0.006890891119837761,-0.00017480552196502686,0.7281103730201721,0.0032106011640280485,0.0009540084283798933,1.498976707458496,0.002116008196026087,0.00029655330581590533,-4.354598045349121,-0.003858099924400449,0.0006110590184107423,-0.3394383192062378,-0.0014231689274311066,-0.0010609723394736648,-4.326701641082764,0.002512706909328699,-0.0016840321477502584,-0.4101666808128357,0.0023231524974107742,-0.0013358895666897297,-2.9609618186950684,0.005125507712364197,-0.0020669628866016865,-4.7330169677734375,0.0025224925484508276,-0.000704545876942575
data/train_audio/blujay/XC116374.mp3,0.2269051636464497,196488,-79.99317932128906,-80.0,2.6270299269270936e-09,1.588798852480977e-07,3431.634569081395,-0.14778504996229222,0.1272773362185099,0.4887427091598511,0.47291749715805054,0.4722628891468048,0.49200013279914856,0.4809485375881195,0.4662509858608246,0.46339890360832214,0.4905676543712616,0.5671973824501038,0.6416011452674866,0.5326763987541199,0.5099530816078186,99.38401442307692,6518.610247549926,1.0935051441192627,2560.277103537429,2959.5284457080497,3328.536478342582,-445.30780029296875,-0.0017751456471160054,-0.0052599310874938965,25.934402465820312,-0.003930293954908848,-0.003913452383130789,-29.27276039123535,-0.005019038449972868,0.0036341571249067783,-13.06750202178955,-0.003419906599447131,0.006242738571017981,-20.744096755981445,-0.0002492055355105549,0.0008136544493027031,-7.76761531829834,0.0034365535248070955,-0.00345866777934134,-7.349435806274414,0.0050365254282951355,-0.0016642374685034156,2.8411600589752197,0.004295068327337503,0.0014384100213646889,-8.016768455505371,0.0035689810756593943,0.0014526363229379058,0.28010720014572144,0.002120465971529484,-0.0014742030762135983,0.4941560924053192,-0.0006845603929832578,-0.0033206301741302013,-5.9223432540893555,-0.0027624384965747595,-0.0016264996957033873,0.8826795816421509,-0.0034173449967056513,0.0009656499605625868,1.0552788972854614,-0.0027843937277793884,0.0012853353982791305,-0.5296586155891418,-0.0004350625677034259,-0.00039225202635861933,0.8803266882896423,0.0017425570404157043,-0.0010257004760205746,-3.809446096420288,0.0011543490691110492,0.0008236370049417019,-0.5612218976020813,-0.0007060214411467314,0.0025517677422612906,0.9520649313926697,-0.0009388966136611998,0.0017809104174375534,-2.525421142578125,0.0005741765489801764,0.000176992776687257
data/train_audio/blujay/XC122442.mp3,0.24525342987804877,128860,-79.99065399169922,-80.0,2.1830192764582534e-08,-1.700976248741881e-08,3328.79130677447,0.6551813784441867,-0.3999542401517899,0.48313185572624207,0.4839022755622864,0.5779756307601929,0.5674050450325012,0.5769073367118835,0.5722144842147827,0.4879606068134308,0.4800184369087219,0.4900374412536621,0.4821412265300751,0.44596803188323975,0.4368579089641571,117.45383522727273,5817.725276295731,1.112104892730713,2396.5293187459647,2815.8596614748267,3208.8511453599335,-367.285400390625,0.04402777925133705,-0.015711208805441856,22.59528160095215,-0.031038297340273857,0.024438008666038513,-68.15010833740234,0.005029102321714163,0.0074868169613182545,-31.141761779785156,0.03220662102103233,-0.0010123010724782944,-55.989871978759766,-0.0051073175854980946,-0.003180848201736808,-23.417652130126953,-0.016201216727495193,0.006658781785517931,-36.5886116027832,0.012994391843676567,0.01566319540143013,-22.634979248046875,-0.008313776925206184,0.004419162403792143,-15.42795467376709,-0.009050445631146431,0.0011131239589303732,-13.559724807739258,0.031164787709712982,0.0036135870032012463,-7.849370002746582,-0.011837488040328026,0.006379527505487204,-1.7688698768615723,-0.0005189560470171273,-0.00732928141951561,-9.901206970214844,0.016831625252962112,0.005229819566011429,-3.922133684158325,0.0012592660496011376,0.0068358262069523335,-10.148052215576172,-0.009301028214395046,0.000776244851294905,5.816502571105957,-0.0003381082497071475,-0.002314319834113121,-2.1974380016326904,0.00578166963532567,0.00309091922827065,3.3086307048797607,0.004776403773576021,-0.005206350702792406,-3.508185625076294,-0.0018246148247271776,-0.005718992091715336,-0.021340303122997284,-0.00604473240673542,0.001256533432751894
data/train_audio/blujay/XC134994.mp3,0.33476078617680183,190470,-79.96121978759766,-80.0,-1.4816463611566633e-08,-4.2215879147988744e-07,4300.707415689895,1.5488355797841566,-0.20928357835417538,0.551881730556488,0.5255157351493835,0.6262252330780029,0.4916088283061981,0.5490281581878662,0.7124277353286743,0.6090583801269531,0.4226653277873993,0.3813401162624359,0.45619842410087585,0.5520417094230652,0.5891055464744568,83.35433467741936,7541.0635293496625,0.8767930865287781,2789.9788414658033,3103.835141072453,3359.9830880503014,-299.9963073730469,-0.005518011283129454,-0.08076497912406921,-13.494483947753906,-0.059710439294576645,0.029215119779109955,-55.44906234741211,-0.020185047760605812,0.03770332410931587,-38.53517150878906,-0.025622528046369553,0.024393724277615547,-38.56154251098633,-0.016594627872109413,0.022852404043078423,-24.10266876220703,0.008636807091534138,0.008942222222685814,-27.41567611694336,-0.005486941896378994,0.010873312130570412,1.5852046012878418,0.0040922947227954865,0.007167511153966188,-2.6982009410858154,-0.008969365619122982,-0.009430491365492344,12.032608032226562,0.0053494758903980255,-0.01310066320002079,8.473289489746094,-0.0026943592820316553,-0.0057153222151100636,17.844003677368164,0.005981661379337311,-0.004891825839877129,7.449690341949463,0.004760644398629665,-0.0038965907879173756,10.782228469848633,0.00882778037339449,-0.0033894251100718975,2.319658041000366,0.003514389507472515,-0.0021749367006123066,7.3625993728637695,0.002330690622329712,-0.0017932135378941894,-10.639209747314453,-0.007191115990281105,0.006392642389982939,-0.3810301721096039,-0.008163664489984512,-8.490085747325793e-05,-4.812263488769531,-0.0016600445378571749,0.0037377465050667524,-5.256387233734131,-0.00042016999213956296,-0.004335744306445122
data/train_audio/blujay/XC138073.mp3,0.18864541746971367,87864,-71.13514709472656,-79.82879638671875,-2.24463676090636e-07,1.1226571672295904e-07,3181.385196064331,0.6513588348961362,-0.008986624303414945,0.289085328578949,0.3392105996608734,0.44488242268562317,0.5526517033576965,0.6520808339118958,0.6850056052207947,0.6207422018051147,0.5755651593208313,0.5196701884269714,0.47735387086868286,0.4201323091983795,0.3323318660259247,161.4990234375,6291.89286421049,1.1960536241531372,2583.0764753176663,3033.7173127149963,3439.4839590467977,-351.36444091796875,0.006133915390819311,-0.04503532499074936,29.16924285888672,-0.04106810688972473,0.01318957656621933,-57.91188430786133,-0.0165061317384243,0.014143592678010464,-35.90999984741211,-0.0123214703053236,0.022411005571484566,-57.04512023925781,-0.0005548431072384119,0.016366345807909966,-35.30910110473633,-0.018911823630332947,0.009085871279239655,-21.668649673461914,-0.020984778180718422,0.015581528656184673,-4.819543361663818,8.572040678700432e-05,0.010479501448571682,-7.85585355758667,0.005856701638549566,-0.0009578692261129618,14.115220069885254,0.001738287857733667,-0.00844937190413475,9.658730506896973,0.025480469688773155,-0.007685208227485418,15.262672424316406,0.006896375212818384,-0.008347763679921627,5.957695960998535,-0.0030928205233067274,-0.001732171862386167,16.3333797454834,0.01904314011335373,-0.0020908345468342304,10.503586769104004,0.0064337956719100475,-0.008734341710805893,10.86075210571289,-0.005547582637518644,-0.009399575181305408,8.372437477111816,0.012250745669007301,-0.007207509130239487,14.387782096862793,0.012387881055474281,-0.009578226134181023,4.779928207397461,0.00034744624281302094,-0.005465890746563673,9.436736106872559,-0.002440065611153841,-0.0013022792991250753
data/train_audio/blujay/XC140465.mp3,0.324608464327345,303214,-53.778499603271484,-79.43887329101562,3.660249421955086e-05,3.7357811379479244e-05,4182.356617743325,0.48063507281910167,-0.010572823837048136,0.35624316334724426,0.31738168001174927,0.3371865749359131,0.3417530953884125,0.3203124701976776,0.426207572221756,0.5838803052902222,0.5695109963417053,0.39705032110214233,0.37629589438438416,0.4223937392234802,0.39418289065361023,143.5546875,6972.399199250892,1.2588685750961304,2493.510286168284,2844.9354341051203,3142.252451489397,-417.948974609375,-0.1435588002204895,-0.012291036546230316,11.547788619995117,-0.029660316184163094,-0.002981033641844988,-4.106878280639648,0.002855918137356639,-0.004505696706473827,31.42278289794922,0.002370837377384305,-0.002891506999731064,-16.582740783691406,0.005617115646600723,0.00473680580034852,14.891064643859863,-0.011527580209076405,-0.002793843625113368,2.416015863418579,-9.828704787651077e-05,-0.0017233403632417321,3.8012187480926514,-0.002245830837637186,0.0018190904520452023,-15.888339042663574,-0.0009086549398489296,-0.002655461896210909,11.24084186553955,-0.0021283719688653946,-0.001878446200862527,3.8858230113983154,0.0028465979266911745,-0.004602143540978432,2.5949835777282715,-6.460842996602878e-05,-0.0033282942604273558,-5.213258266448975,-0.0029290199745446444,0.0007138499058783054,3.172394037246704,-0.0036956213880330324,0.002869438147172332,-2.4251253604888916,-0.001782515668310225,0.0009777637897059321,3.3760108947753906,-0.0013158696237951517,-0.0018397130770608783,2.2150723934173584,0.0020639824215322733,-0.002562652574852109,2.869074821472168,-0.0007391122635453939,-0.00014613999519497156,-4.81165885925293,0.0009066936909221113,-0.0001177276426460594,11.035006523132324,-0.0037801330909132957,-0.0027673430740833282
data/train_audio/blujay/XC142244.mp3,0.3348642676767677,339795,-64.07579803466797,-79.99955749511719,8.038205123739317e-06,2.2633385015069507e-05,4080.805098274605,0.8337955366764372,0.17871651709335273,0.6480538845062256,0.5922905802726746,0.6150345802307129,0.5908740758895874,0.6655428409576416,0.539559543132782,0.5134083032608032,0.6335688233375549,0.6165576577186584,0.6861706376075745,0.6518526673316956,0.6839385628700256,129.19921875,7775.873468572443,1.0453729629516602,2969.904311946277,3265.7639435510064,3507.3281072929963,-384.721435546875,0.005723849404603243,-0.0021651817951351404,48.88998794555664,-0.020704085007309914,-0.007063337601721287,-9.313115119934082,0.0017654082039371133,-0.00215902179479599,-3.239027976989746,-0.012174983508884907,-0.00014655325503554195,1.9118869304656982,-0.003456098958849907,-0.005597348790615797,-2.8944735527038574,0.0018930521328002214,-0.0012515262933447957,-6.552976131439209,-0.0056351106613874435,0.002734639449045062,6.396513938903809,0.0008388846763409674,0.001812028931453824,-14.9552583694458,0.0005705467192456126,0.0007415848667733371,12.389032363891602,0.0031555695459246635,-6.805839075241238e-05,-14.13211727142334,0.0009085561032406986,-0.0016003416385501623,11.128653526306152,0.003179908962920308,-0.0006869284552522004,-13.127897262573242,-0.0030705109238624573,0.0023948915768414736,5.416909217834473,0.004523241426795721,0.0004358677542768419,-7.250085830688477,0.00044226815225556493,-0.0006735933129675686,2.815908432006836,-5.375544060370885e-05,-0.0005866091814823449,-2.035355806350708,-0.0015928950160741806,-0.0013382723554968834,1.26009202003479,-0.0022002568002790213,-0.0018170819384977221,-2.231653928756714,0.0024258513003587723,-0.0020689505618065596,2.755704164505005,0.003931601066142321,-0.00017807417316362262
data/train_audio/blujay/XC144899.mp3,0.30369695807770963,152231,-79.96684265136719,-80.0,2.907119656114787e-09,-2.8387034944898915e-07,4075.956166044974,0.5692957335604876,-0.007494160216385636,0.504787027835846,0.6255849599838257,0.5867050290107727,0.5539903044700623,0.5375072956085205,0.48340949416160583,0.4506395757198334,0.521473228931427,0.6594287157058716,0.6285881996154785,0.6116684079170227,0.4973646402359009,123.046875,7228.738122483704,0.8768797516822815,2601.216023378187,2941.77826590269,3238.0453023047567,-430.0007629394531,-0.028318269178271294,-0.03159405291080475,-7.804629802703857,-0.009300178848206997,0.00236508552916348,-59.30611801147461,0.018079640343785286,0.021184811368584633,-17.36576271057129,0.01870519109070301,-0.0001297706476179883,-15.579975128173828,0.005620597396045923,0.0075795589946210384,5.412766933441162,-0.0016079405322670937,-0.0038509329315274954,7.142932891845703,-0.006383308209478855,-0.004309908952564001,14.014195442199707,-0.009618238545954227,-0.004776060581207275,0.9698676466941833,-0.0016990568256005645,-0.003653216641396284,-0.4921456277370453,-0.0009999243775382638,0.0009553091367706656,-4.160039901733398,-0.00021204967924859375,0.003174738958477974,-4.945428848266602,0.0001550030428916216,0.0071084508672356606,-6.185473918914795,0.00605430593714118,8.825680561130866e-05,-2.6559548377990723,0.00831661093980074,-0.00037247248110361397,-0.468738317489624,0.003926556557416916,-0.0023408245760947466,4.156236171722412,-0.00186528405174613,0.001056818407960236,2.554438352584839,-0.006025845650583506,0.002166039776057005,3.6937644481658936,-0.007224340923130512,0.00016539923672098666,1.8432859182357788,0.002886431757360697,-0.00195870827883482,1.297662615776062,-0.0015294186305254698,-0.0026409507263451815
data/train_audio/blujay/XC149305.mp3,0.27437097182910036,1148345,-79.85945892333984,-80.0,4.5840891971238307e-07,1.936718945216853e-06,3938.2859122691866,0.005364684313108644,0.009602889372578785,0.4303119480609894,0.4324643611907959,0.43332353234291077,0.4658387303352356,0.5341207385063171,0.6262485384941101,0.7027772068977356,0.6666234731674194,0.5812753438949585,0.4793047606945038,0.43637263774871826,0.4199036657810211,123.046875,7220.9211422793,0.92502760887146,2585.554657569081,2979.4200014355306,3323.3641032533683,-515.3157958984375,-0.0027145573403686285,-0.002729628700762987,-26.587928771972656,-0.00023282189795281738,-0.00014688470400869846,-84.88460540771484,0.0017097244272008538,0.0023637362755835056,-14.89058780670166,-0.0009078141301870346,1.6461970517411828e-05,2.993783473968506,0.0018849505577236414,-0.0004272033111192286,7.558887004852295,0.0018600741168484092,0.00020600495918188244,1.5695782899856567,-0.0024364732671529055,0.00015881132276263088,4.807673931121826,-0.001899790484458208,-0.0004462978395167738,0.1366591602563858,0.0011384811950847507,-0.00014607359480578452,11.580039024353027,0.0011015186319127679,0.00013419271272141486,9.928146362304688,-0.00017690658569335938,0.00036438240204006433,11.465078353881836,-0.0006719542434439063,9.62854755925946e-05,3.4516289234161377,-0.0004927830887027085,-0.0001388467790093273,9.873613357543945,-0.00034879593295045197,-0.0003583802026696503,5.842721939086914,0.0004861397319473326,-0.00026518135564401746,7.151298522949219,0.0005450518219731748,-6.069697701605037e-05,-3.011840581893921,0.00010573847976047546,0.0003578597097657621,-1.9057610034942627,-0.00021479935094248503,-7.39896931918338e-05,-6.403390407562256,-0.00032809103140607476,-0.00023038410290610045,0.7174416780471802,-7.102740346454084e-05,-0.0001379549939883873
data/train_audio/blujay/XC149337.mp3,0.30680795733848315,503635,-80.0,-80.0,2.0895489782901677e-09,6.005427710675804e-09,3724.302959771198,0.17702685725060824,0.03831921691325565,0.3416016101837158,0.35786569118499756,0.30970609188079834,0.3199613690376282,0.3099391758441925,0.29917216300964355,0.3450622856616974,0.4991864264011383,0.5410348176956177,0.3742898404598236,0.3061589300632477,0.29988089203834534,103.359375,5541.896451457163,1.0004523992538452,1924.4370187595464,2361.5473923440904,2748.665534112478,-449.33172607421875,-0.005156037397682667,-0.004746704362332821,-19.64603042602539,-0.004273388534784317,-0.0015609851107001305,-73.76753234863281,0.0033400794491171837,0.0027391579933464527,14.352934837341309,0.0030921418219804764,0.0007063605589792132,-44.250099182128906,0.0011299916077405214,0.002342415740713477,-20.991891860961914,0.002561262110248208,0.0011313761351630092,-14.235451698303223,-0.0010684792650863528,-0.0013333025854080915,-13.080184936523438,0.0010106676490977407,0.0013575800694525242,-14.443533897399902,0.001959432614967227,-0.0013422073097899556,8.899006843566895,-0.0019170190207660198,-0.0008664981578476727,10.445136070251465,-0.0017445540288463235,0.001188499853014946,2.2455570697784424,-0.0011262241750955582,-0.002005277667194605,3.726685047149658,-0.0017351285787299275,-8.406007691519335e-05,15.276906967163086,-0.0004514189495239407,0.00037625161348842084,10.200671195983887,0.0014073154889047146,-0.00019161836826242507,8.338092803955078,0.0002914867945946753,0.0012092437827959657,-3.4515254497528076,0.0020597632974386215,-0.00015031387738417834,-2.219578504562378,0.0003188794944435358,-0.0002537262625992298,-1.5308287143707275,-0.002471397863700986,-0.00011017781071132049,1.518280267715454,0.0018314371118322015,-7.5048274084110744e-06
data/train_audio/blujay/XC155439.mp3,0.17734399023677735,73895,-78.75718688964844,-80.0,-1.4463587660884514e-07,-2.030921422147003e-07,2796.62970178951,0.652502017571619,-0.2714602769987643,0.4905865490436554,0.4721497893333435,0.46650785207748413,0.519085168838501,0.6010719537734985,0.5293015837669373,0.5021394491195679,0.5459063649177551,0.5726311802864075,0.5159205794334412,0.5379023551940918,0.532276451587677,184.5703125,5371.620409075184,1.0171732902526855,2325.107553284314,2846.0926584024637,3316.0214372148357,-364.642822265625,-0.01569162867963314,-0.020695354789495468,60.914371490478516,-0.010241537354886532,-0.016178514808416367,-45.91612243652344,-0.008485894650220871,0.006293649785220623,-23.970779418945312,-0.01408315822482109,0.011258644983172417,-30.163827896118164,-0.0012865582248196006,0.002874729922041297,-9.79840087890625,0.0046624415554106236,0.001983002759516239,-14.530217170715332,0.004012943245470524,0.005846927408128977,-3.829615592956543,0.004757549148052931,0.004402634222060442,-9.779878616333008,0.008866489864885807,-3.549680332071148e-05,-1.6624709367752075,0.01908799260854721,-0.0019997383933514357,-4.245220184326172,0.018402906134724617,0.001087371725589037,-5.706226348876953,0.007314722053706646,0.0016224856954067945,-3.3558058738708496,0.0028974644374102354,-0.0005842730752192438,-2.8216397762298584,0.005625246558338404,0.0015917237615212798,-5.799580097198486,0.003654648782685399,0.0016828658990561962,-0.9965019822120667,-0.001991182565689087,-0.0014299745671451092,-5.27379846572876,-0.002048925496637821,-0.0020376925822347403,-2.0779459476470947,-0.004794017411768436,0.0012201498029753566,-2.973397970199585,-0.005984541028738022,0.00037649928708560765,-2.758047342300415,-0.0013996039051562548,-0.003643373027443886
data/train_audio/blujay/XC164549.mp3,0.27307331700967025,564206,-79.99125671386719,-80.0,5.167221956980939e-07,2.4798978301987518e-06,3592.7154178798673,0.21966668962959748,0.0020748639558262143,0.34468531608581543,0.33382850885391235,0.35748282074928284,0.3751646876335144,0.41577237844467163,0.45182234048843384,0.5267177820205688,0.5857199430465698,0.5963295698165894,0.4763086140155792,0.3635585606098175,0.36379918456077576,198.76802884615384,5875.598498665308,1.1346285343170166,2161.7980971909205,2588.2060062917226,2972.715841476942,-433.1402893066406,-0.00651980098336935,-0.003396006301045418,-2.9224817752838135,-0.00619632750749588,-0.001371447928249836,-65.31735229492188,0.004068395122885704,0.0022791798692196608,-1.3309048414230347,0.005630788393318653,0.0007291645160876215,-26.114788055419922,-0.0005441623507067561,-0.00010729752102633938,-9.138998031616211,0.0019123272504657507,0.001228755572810769,-3.0555009841918945,0.0009070906671695411,0.00017754198051989079,-2.3902747631073,-0.0005016629584133625,-0.0007208287133835256,-12.355484008789062,0.001637267298065126,-7.982050738064572e-05,6.062312126159668,0.0002965603198390454,0.0005817222408950329,7.89327335357666,0.001377065316773951,0.0010269421618431807,-0.16186362504959106,0.0003174952871631831,-0.0002733476576395333,0.17860820889472961,-0.0031155024189502,-0.00079633470159024,10.44659423828125,-0.0018071028171107173,-0.0005603574099950492,8.064260482788086,-7.304428436327726e-05,2.4838982426445e-05,6.007654190063477,-0.0006995231960900128,0.0008043497800827026,0.6093372106552124,-0.0008231611573137343,-0.0002180491283070296,-0.6345551013946533,0.001757407677359879,-0.00068070919951424,1.801651954650879,0.001693841302767396,-0.0006991269765421748,0.4471331536769867,-0.0017504555871710181,0.0004793438711203635
data/train_audio/blujay/XC165317.mp3,0.2688917828626495,218931,-79.99995422363281,-80.0,1.3719620994834258e-07,2.052410991382203e-06,3645.972919631566,-0.5858113191536497,0.08237265565858087,0.38852551579475403,0.4312422573566437,0.44969213008880615,0.5047508478164673,0.528423011302948,0.4616168439388275,0.43993693590164185,0.43517419695854187,0.4822623133659363,0.48223209381103516,0.4140971601009369,0.3500910997390747,234.90767045454547,6556.189556373899,1.0880979299545288,2526.5032506017783,2955.4679180702465,3324.69676676004,-482.80682373046875,-0.002288482151925564,-0.013518763706088066,21.232526779174805,-0.001034139422699809,-0.008270319551229477,-31.83626937866211,-0.004033967852592468,0.006955865770578384,11.660244941711426,0.0009488165378570557,0.0030723658856004477,-12.544777870178223,0.0020635046530514956,-0.0021796247456222773,-11.316277503967285,-0.008825359866023064,0.007358224131166935,-3.1949880123138428,0.0035535877104848623,0.006452798843383789,-3.8985695838928223,0.014532176777720451,-0.005414668004959822,-4.752662181854248,-0.004811542108654976,0.00019855248683597893,5.197961807250977,-0.006717993877828121,0.0009738639928400517,6.253040790557861,0.005396622233092785,-0.00417445320636034,0.33846449851989746,-0.0036205246578902006,0.0006684490945190191,-1.2506110668182373,-0.00650621997192502,0.0011542376596480608,6.203359603881836,0.00046616472536697984,0.0032538098748773336,2.626361608505249,0.005018732510507107,-0.001179305138066411,-0.6298584342002869,-0.0006268179276958108,-0.0010621367255225778,-4.742797374725342,-0.0010963587556034327,0.0011017313227057457,-2.5049426555633545,0.003136003389954567,-0.0007810741080902517,1.059627652168274,0.0022940051276236773,-0.0019941586069762707,-1.0915203094482422,-0.001166793517768383,-0.0012901292648166418
data/train_audio/blujay/XC165319.mp3,0.22901251478642728,452521,-79.6941146850586,-80.0,1.9452404131925505e-08,9.182128906104481e-07,3033.198891973768,-0.09757712354259514,-0.10983127531129971,0.36607369780540466,0.340651273727417,0.3718741834163666,0.35589486360549927,0.4822886884212494,0.5857277512550354,0.6251903176307678,0.6554706692695618,0.5137273669242859,0.4574849605560303,0.3741363286972046,0.3601931929588318,117.45383522727273,5322.907878785731,1.1685518026351929,2187.984998056704,2629.8096181166784,3049.389548765825,-427.2398376464844,-0.004455585964024067,-0.0063396296463906765,57.327266693115234,-0.004864003974944353,-0.0011407124111428857,-47.31761169433594,0.00010792121611302719,0.0017077455995604396,13.540803909301758,0.0027151061221957207,0.0005082777352072299,-24.98383903503418,0.0031596296466886997,0.0027043225709348917,-5.519219398498535,0.0029352125711739063,0.0007482926012016833,-14.519615173339844,0.000794530613347888,-0.0002978361735586077,1.181661605834961,-0.002198447473347187,-0.0012182474602013826,-0.12935490906238556,-0.0019378098659217358,-0.0007694329251535237,1.0747956037521362,0.0016153798205778003,-0.0006726296851411462,7.102231979370117,0.002477784175425768,0.0018117011059075594,-7.141420364379883,-0.0011918476084247231,0.0010260589187964797,-6.108497142791748,-0.003099636407569051,-0.002069457434117794,4.174943923950195,0.0014277418376877904,-1.1128003279736731e-05,-3.2101564407348633,0.00283633591607213,0.001569992396980524,3.0915095806121826,-0.00197357009164989,-0.0006731493049301207,-3.295816659927368,-0.0009127793018706143,-0.0023497820366173983,2.863901138305664,0.0033788769505918026,-4.26730321123614e-06,-0.8760911822319031,-2.4446403585898224e-06,0.0010496469913050532,7.545969486236572,-0.002563031855970621,-0.00048177922144532204
data/train_audio/blujay/XC165320.mp3,0.24573536764459766,940253,-79.96394348144531,-80.0,2.8231420401425567e-07,2.514187144697644e-06,3555.224978874002,0.03410581538130168,0.016569759230353056,0.35302647948265076,0.4166713356971741,0.49837929010391235,0.5303067564964294,0.45119616389274597,0.41630998253822327,0.4662534296512604,0.488881915807724,0.49898919463157654,0.4170265197753906,0.36113181710243225,0.3386489748954773,184.5703125,6634.381612618616,1.0434798002243042,2554.5104082000976,2977.6810374663482,3348.746151564495,-513.4663696289062,-0.0007973304600454867,-0.001757885213010013,9.096199035644531,-0.0003312418994028121,-0.0012546583311632276,-21.699542999267578,0.0011616869596764445,0.0005198097205720842,7.21140193939209,0.0013272215146571398,0.00047526933485642076,-9.247629165649414,-0.00012520476593635976,-0.0004009681870229542,-7.019046306610107,-0.0010276626562699676,-0.0004910841817036271,-2.777634620666504,-0.0008022021502256393,-0.0001344998017884791,-0.3668980896472931,-0.0006089977687224746,0.00017098629905376583,-6.684486389160156,-7.431308040395379e-05,0.0001840332115534693,6.294334411621094,0.000726283818949014,-8.70774601935409e-05,7.649295330047607,0.00028132888837717474,-5.5404789236490615e-06,1.2144341468811035,-0.0005533645744435489,0.0002750120183918625,-1.3160251379013062,-0.00013377322466112673,0.00018187232490163296,7.146093368530273,0.0004451959684956819,-9.382795542478561e-05,4.74980354309082,0.0004154521448072046,-0.00024251498689409345,3.887550115585327,0.0007363372133113444,-8.461190736852586e-05,-1.7359925508499146,0.0009435965330339968,0.0003489014052320272,-2.20778751373291,-5.934129490015039e-07,0.0006605847738683224,0.6150863170623779,-0.0007810370298102498,0.0005081497365608811,0.8251989483833313,-0.00019146375416312367,1.6868281818460673e-05
data/train_audio/blujay/XC165321.mp3,0.3070681664531739,552675,-79.9970474243164,-80.0,7.13372614313812e-08,1.2114273886254523e-06,3850.446183979278,0.006446515548331505,-0.21398401585724464,0.17118290066719055,0.1455068290233612,0.14129316806793213,0.16226419806480408,0.19019238650798798,0.2626909613609314,0.33872854709625244,0.5082205533981323,0.5562038421630859,0.5414274334907532,0.40472039580345154,0.2049623727798462,184.5703125,5554.2178993648595,1.4468986988067627,1865.3677649028311,2315.7230585884854,2709.290618573029,-410.4322509765625,-0.002909907139837742,-0.004492765758186579,-56.88624572753906,0.0014658927684649825,0.00034236282226629555,-73.19924926757812,0.002015491481870413,-0.0021299486979842186,39.257415771484375,-0.006693126168102026,0.0033899019472301006,-1.6370970010757446,-0.002500223694369197,-0.00037883984623476863,9.706124305725098,0.0026129470206797123,-0.0033174471464008093,5.961703300476074,-0.00026262569008395076,0.0025211134925484657,-10.856237411499023,0.0014626129996031523,-0.004137512296438217,-19.018665313720703,0.002251425990834832,0.0038676289841532707,18.563005447387695,-0.0023917690850794315,-0.0004327546339482069,3.3523452281951904,-0.0017220178851857781,0.0005981338326819241,-5.513319969177246,0.0030853445641696453,5.571217116084881e-05,-6.960770606994629,-8.098549005808309e-05,-0.0022074240259826183,11.596358299255371,0.0007023953949101269,0.00046572997234761715,0.9079962372779846,-0.001444307272322476,-0.0012389470357447863,1.9466391801834106,-0.004737282171845436,0.0010823647025972605,-4.99603271484375,-0.0008668842492625117,0.0001818784949136898,4.5173516273498535,0.00016511154535692185,0.0018067547352984548,7.213556289672852,0.0020606284961104393,-0.0009074492263607681,-1.183803915977478,-0.0015029358910396695,-0.0004837765300180763
data/train_audio/blujay/XC165322.mp3,0.2699477150774103,196571,-79.14035034179688,-80.0,7.702978876977795e-08,2.013931634792243e-06,3682.593525383045,-0.6096325352448764,-0.15834851721625248,0.4898500442504883,0.4245545268058777,0.4528183937072754,0.5942349433898926,0.6379616260528564,0.6432327032089233,0.5435847043991089,0.5216044783592224,0.5153858661651611,0.48644784092903137,0.5012561678886414,0.4501142203807831,258.3984375,6896.6106546336205,1.049512505531311,2645.3694471499944,3056.801019938958,3411.221163307072,-483.85174560546875,-0.026892418041825294,-0.008611608296632767,29.154150009155273,-0.028702640905976295,-0.004321781452745199,-36.567413330078125,0.0020495716016739607,-0.0009483467438258231,8.743980407714844,0.008103253319859505,-0.0031322056893259287,-2.006068229675293,-0.008719700388610363,-0.003623412689194083,2.970609426498413,-0.005786156747490168,0.0003087574150413275,1.8033934831619263,0.012043689377605915,0.0056240553967654705,5.932674407958984,-0.0065728104673326015,0.0037276947405189276,0.806485652923584,-0.011261777952313423,-0.005210825242102146,4.889318943023682,0.005915241781622171,-0.0013909336412325501,0.11029969900846481,-0.002524749608710408,0.0007785172201693058,-2.8411219120025635,0.002786838449537754,-0.0014105289010331035,-6.30210542678833,0.01077311486005783,0.004790377803146839,3.6194863319396973,-0.0025653312914073467,0.002885873429477215,-0.9227191209793091,-0.010581057518720627,-0.0020008485298603773,1.775479793548584,-0.0025284469593316317,0.0004340961459092796,-1.60979425907135,0.003065468743443489,0.003279486671090126,5.344168186187744,0.0006591882556676865,0.003378358669579029,0.7605187296867371,0.0006275270716287196,0.0014175523538142443,2.07918119430542,0.0014619927387684584,-0.002047956921160221
data/train_audio/blujay/XC165323.mp3,0.2650589006383277,121041,-79.26522827148438,-80.0,1.801578264348791e-07,1.2432080893631792e-06,3598.7675316896652,-0.594868217295796,-0.01858372082049768,0.6023025512695312,0.5514155626296997,0.6098557710647583,0.6821004748344421,0.6339271664619446,0.6382243037223816,0.6064640879631042,0.6097645163536072,0.5847181677818298,0.5487352609634399,0.5481212139129639,0.5722960233688354,95.703125,6708.402383207071,1.0263519287109375,2622.073944715897,3033.4023246936727,3394.331954438228,-469.1596984863281,-0.0017037782818078995,-0.03500298410654068,34.135467529296875,0.002366000786423683,-0.014981611631810665,-38.93638229370117,-0.0025721141137182713,0.01807522401213646,2.1321096420288086,-0.02070656605064869,0.004578720778226852,-10.413220405578613,0.009445111267268658,0.006415593903511763,-2.6202070713043213,0.0034036559518426657,0.0003934024425689131,-7.13779878616333,-0.005387363489717245,-0.00021641342027578503,-2.487147331237793,0.00866786576807499,-0.00014947693853173405,-6.609188556671143,0.0013418566668406129,-0.005395351909101009,-3.6734626293182373,0.011740370653569698,0.0023278172593563795,1.064096212387085,0.010927686467766762,-0.006353294476866722,1.9626911878585815,0.0011598111595958471,-0.006333762314170599,-5.067330360412598,-0.0020446397829800844,0.0024195057339966297,3.511709213256836,-0.009150889702141285,0.0018107607029378414,1.375917911529541,-0.004421194549649954,-0.00021730449225287884,3.6827504634857178,-0.0020588126499205828,-3.130053300992586e-05,-1.261128544807434,-0.009526279754936695,-0.0006366755696944892,3.0757761001586914,0.001185559667646885,-0.0009062415920197964,-0.9356744289398193,0.00547264888882637,0.0011979398550465703,2.7984812259674072,-0.004142134450376034,-0.001127144554629922
data/train_audio/blujay/XC165324.mp3,0.21167452058915864,259089,-79.9995346069336,-80.0,7.35396099571517e-07,2.9466775686159963e-06,2822.619781440288,-0.05310634461543081,-0.009281754988033028,0.342320054769516,0.34474673867225647,0.40008825063705444,0.4942004084587097,0.5782283544540405,0.6221249103546143,0.6181256771087646,0.6253643035888672,0.5222599506378174,0.44126081466674805,0.3496786653995514,0.3141598701477051,129.19921875,4755.565997475408,1.1509212255477905,1873.9832137972683,2329.6385933774595,2772.39160075718,-422.3637390136719,-0.0015434562228620052,-0.0010381010361015797,37.0391960144043,0.002688101725652814,-0.004202806390821934,-93.00465393066406,0.01189453899860382,0.00012791869812645018,-14.510466575622559,-0.0041976445354521275,0.0049523524940013885,-32.6249885559082,-0.014324735850095749,0.0026526388246566057,-2.8212437629699707,0.0029397199396044016,0.001254740753211081,-12.872452735900879,0.00012765423161908984,-0.0032750482205301523,-0.5302202701568604,-0.003324965015053749,-0.0023375500459223986,-9.386618614196777,0.004636648576706648,0.001064833253622055,0.9919381737709045,0.0056017376482486725,0.0004705368774011731,6.720340728759766,-0.00020134822989348322,0.0008143837912939489,-10.100553512573242,-0.004220279864966869,0.0007900754571892321,-1.0032185316085815,-0.0003184122615493834,-8.453201007796451e-05,4.978872776031494,0.0004559551307465881,-0.0023901124950498343,4.383444309234619,-0.0009890551446005702,-0.0006485447520390153,1.2482887506484985,-0.0005990322097204626,0.002805362455546856,0.9055936336517334,-0.000327760586515069,0.00042635254794731736,7.101119518280029,-0.001233233604580164,-0.0013765647308900952,8.559370040893555,-0.0009091985411942005,-9.385832527186722e-05,5.925259590148926,0.0017811889993026853,-0.000817901745904237
data/train_audio/blujay/XC167820.mp3,0.2661491454689984,428844,-78.70186614990234,-80.0,3.5393802022554155e-07,4.552933205559384e-06,3481.2538364364937,0.07133010865940709,-0.012993463311920184,0.5945055484771729,0.33100807666778564,0.21507415175437927,0.21567949652671814,0.21629370748996735,0.2707709074020386,0.35775724053382874,0.3591326177120209,0.3169659376144409,0.26131829619407654,0.32500550150871277,0.5275242328643799,92.28515625,5767.704402759837,1.054149866104126,2194.2442483002087,2677.8882252109056,3097.553206443776,-467.5090637207031,-0.0031251213513314724,-0.0031934960279613733,8.599615097045898,0.001558380899950862,0.0007331282831728458,-55.1263313293457,0.0059654489159584045,0.004847326315939426,28.404621124267578,-0.002076265402138233,-0.002605543239042163,10.602286338806152,-0.005789909977465868,-0.0033763423562049866,6.190122604370117,0.0005087562603875995,0.0021826850716024637,-4.311413764953613,0.004340264014899731,-0.0004525049007497728,-10.188446044921875,0.00013554668112192303,-0.0002476919908076525,2.7977259159088135,-0.005814075469970703,0.00010169935558224097,8.597844123840332,0.001413373276591301,-0.0017926781438291073,-13.350899696350098,0.005093694198876619,0.00038675195537507534,6.1744537353515625,-0.005690841935575008,0.0005677657318301499,-6.844403266906738,-0.0021981820464134216,-0.0011018275981768966,-6.710810661315918,0.004536140710115433,-0.0007115901680663228,0.23664399981498718,-0.0017860279185697436,-0.00017316735466010869,-1.0354245901107788,-0.0006786260055378079,-0.00040668819565325975,-5.976840019226074,0.001245597843080759,0.000919301004614681,2.2102112770080566,-0.002284893998876214,0.001135176746174693,-9.52649211883545,0.0009458796703256667,-0.0011190857039764524,4.574624061584473,0.0013522198423743248,-0.000514116371050477
data/train_audio/blujay/XC168080.mp3,0.23328435492773986,297728,-62.95903396606445,-76.43404388427734,9.819140132094617e-07,-9.122395994154431e-08,3359.846844425795,-0.553147328227289,-0.2756402336978535,0.38249045610427856,0.5023736953735352,0.5517546534538269,0.6054844260215759,0.6555381417274475,0.5316821932792664,0.4218710660934448,0.40236490964889526,0.426636278629303,0.4063231647014618,0.37595444917678833,0.37093237042427063,107.666015625,6542.151903101164,1.07880437374115,2637.533022288078,3058.905639140041,3432.802685508867,-302.4888610839844,-0.011442200280725956,-0.021710524335503578,52.55579376220703,0.01094623003154993,0.006174401380121708,-34.673439025878906,-0.003997388295829296,0.0026917760260403156,-7.633993148803711,-0.004099173005670309,0.002923364285379648,-5.938907623291016,0.005619515664875507,0.005136617925018072,1.0401443243026733,-0.0024608613457530737,-0.00022989456192590296,-14.06138801574707,-0.0015233869198709726,0.0019545608665794134,-3.470876455307007,-0.003748401300981641,-0.0015785078285261989,-17.88314437866211,-0.0018507441272959113,0.002451264765113592,2.8068430423736572,-0.00861684512346983,-0.0026101472321897745,-0.9774188995361328,0.004074476659297943,0.0011183425085619092,11.805584907531738,-0.005294370464980602,-0.004221472889184952,-1.422270655632019,-0.0006076078861951828,-0.0035307523794472218,4.070446014404297,0.004719262942671776,-0.00047136147622950375,0.11691601574420929,-0.0008822298841550946,-0.00019392896501813084,2.813110828399658,-0.0043633184395730495,0.003060274990275502,2.581434488296509,-0.0057562654837965965,-0.00047381152398884296,7.26308012008667,0.0053049540147185326,0.0001853722205851227,3.1327733993530273,-0.0015120496973395348,-0.001681109773926437,2.6973495483398438,0.0031246047001332045,0.002134045585989952
data/train_audio/blujay/XC168081.mp3,0.21600243247107104,205667,-67.75813293457031,-78.81791687011719,-2.0558554751914926e-06,-1.0443328392284457e-05,2946.552063843401,-0.1510361954411804,-0.059893712922729464,0.5647165775299072,0.5724067687988281,0.5767015218734741,0.6115521192550659,0.6230803728103638,0.601995050907135,0.6000702977180481,0.594615638256073,0.7309196591377258,0.7457338571548462,0.5450623631477356,0.5554152131080627,215.33203125,5168.820574773782,1.0592045783996582,2182.167022575064,2643.700932517394,3074.18663367206,-329.4385681152344,0.016096368432044983,-0.03960435092449188,64.4417953491211,0.008347252383828163,0.0008490556501783431,-38.7646484375,0.0022658512461930513,0.003722416702657938,23.783166885375977,-0.0030956652481108904,-0.00216032937169075,-9.941011428833008,-0.007701280526816845,0.0019465433433651924,5.986617565155029,0.010576743632555008,-0.003321078373119235,-5.374274253845215,-0.0019244333961978555,-0.00010014593863161281,7.9675798416137695,-0.006639798637479544,-0.006110622547566891,-4.264317989349365,0.006024291273206472,0.0009811290074139833,6.167463779449463,-0.0013168549630790949,0.0015949372900649905,0.10600519925355911,-0.0031609435100108385,0.005655831657350063,1.7335927486419678,-0.0030146099161356688,0.003802770283073187,-2.1800999641418457,0.009774490259587765,0.0010962303495034575,3.66298770904541,-0.0031540340278297663,0.0021095932461321354,-1.1444404125213623,-0.004509640391916037,0.005591689143329859,3.3826000690460205,0.0033593461848795414,0.00036794651532545686,-3.1693081855773926,-0.0033274819143116474,0.0015480100410059094,3.403047800064087,-0.003727962030097842,0.003345090663060546,1.6421655416488647,0.00029883062234148383,0.0038566994480788708,1.2036279439926147,0.004612069111317396,0.0009547604131512344
data/train_audio/blujay/XC168082.mp3,0.1658679749668435,32162,-49.69467544555664,-77.0971450805664,1.70061966286994e-07,1.3903368198953103e-06,2431.4186321871257,0.2570069766834991,0.05519493331559252,0.4505877196788788,0.3539998531341553,0.3511921167373657,0.39733466506004333,0.4664327800273895,0.5287014245986938,0.5439233183860779,0.555644154548645,0.5283706784248352,0.48026642203330994,0.5779534578323364,0.6208152174949646,103.359375,4202.887140977287,1.0372101068496704,1976.768167036677,2533.162547012281,3048.664933834294,-345.6460266113281,0.176485076546669,-0.19559542834758759,77.62612915039062,-0.02952192910015583,-0.0036387089639902115,-71.8646469116211,-0.06308317929506302,0.056112587451934814,-9.656734466552734,0.005386258941143751,-0.011357728391885757,-10.475727081298828,0.02575727552175522,0.010652205906808376,4.169125080108643,0.018293345347046852,-0.006171508692204952,-5.250180721282959,-0.036425456404685974,-0.015898989513516426,26.38260269165039,0.03182156756520271,-0.00873463787138462,14.002506256103516,0.02600853517651558,-0.026851775124669075,26.039508819580078,-0.03149813413619995,-0.014610541984438896,13.772116661071777,-0.006973848212510347,0.010915386490523815,11.646194458007812,0.023715423420071602,-0.026511354371905327,6.53695011138916,-0.01395483035594225,-0.008345437236130238,-1.1697505712509155,-0.004158420953899622,0.023770896717905998,-0.33051812648773193,0.036122288554906845,0.027988312765955925,-1.9284319877624512,0.0070264446549117565,-0.00559614971280098,-0.43012115359306335,-0.021829938516020775,-0.0016300545539706945,0.3909958302974701,0.025248393416404724,0.009011024609208107,-1.1066577434539795,0.025349756702780724,0.0027335279155522585,3.025338888168335,0.0034138543996959925,0.002211293438449502
data/train_audio/blujay/XC168092.mp3,0.24746169014932562,65924,-80.0,-80.0,-1.645030422992022e-08,-9.325244576530167e-08,3322.3344375716615,-1.0265524363940912,0.14635248443700621,0.426819384098053,0.4948405921459198,0.6747195720672607,0.4925214350223541,0.5223585963249207,0.4836929440498352,0.4986005425453186,0.47337111830711365,0.4810887575149536,0.45514655113220215,0.4079386293888092,0.4314340054988861,143.5546875,5605.457883625361,0.9103031754493713,2213.06948160273,2688.716026719597,3115.616710531543,-355.7774353027344,0.2293752133846283,-0.12102307379245758,12.267476081848145,0.03206552192568779,-0.0018559930613264441,-79.59393310546875,-0.07653215527534485,0.03126326575875282,-9.4669189453125,-0.0025286958552896976,0.0019101192010566592,-21.818538665771484,-0.0710102766752243,0.024910587817430496,-11.073291778564453,0.0005734614678658545,0.009126503020524979,-18.81001853942871,0.015560407191514969,0.008523117750883102,-14.354333877563477,-0.06045541167259216,0.009254561737179756,-16.984195709228516,-0.018526790663599968,0.009986513294279575,-11.307607650756836,0.005927732679992914,0.011659912765026093,-13.69417953491211,-0.013627847656607628,0.010802965611219406,0.34428390860557556,-0.021941011771559715,0.004171052481979132,-7.954502582550049,-0.01698606088757515,-0.003966441843658686,-1.0099462270736694,0.010365013964474201,-0.01024934183806181,4.715538024902344,0.01956571266055107,-0.0046950168907642365,5.776772975921631,0.010636412538588047,-0.019285064190626144,4.325845241546631,0.014890666119754314,0.0015854210359975696,6.794090270996094,0.018025735393166542,0.0039347028359770775,4.37384033203125,-0.001590563333593309,-0.0033493873197585344,9.215310096740723,-0.008494265377521515,-0.008144252933561802
data/train_audio/blujay/XC168094.mp3,0.17537646272997837,41563,-77.75607299804688,-80.0,-7.93565106960159e-08,-1.0408771800030081e-07,2680.9903156039077,2.2864680914882074,1.0396794981151187,0.7732545733451843,0.5646843910217285,0.4408142566680908,0.4197482764720917,0.48354265093803406,0.37531736493110657,0.28768354654312134,0.2748473286628723,0.28481870889663696,0.31338977813720703,0.4539978504180908,0.5703818202018738,89.10290948275862,4489.859286221591,1.0726375579833984,2040.3391920523843,2608.2689406402687,3128.8091463697156,-337.5508728027344,-0.08770104497671127,-0.3703048527240753,40.32101821899414,-0.06035565957427025,-0.03134152293205261,-91.82535552978516,0.04424229636788368,0.12205885350704193,-34.906333923339844,0.02806815877556801,0.040898095816373825,-30.373241424560547,0.025583097711205482,0.04705917835235596,-10.303297996520996,0.012002366594970226,0.010790577158331871,-8.089412689208984,0.013989816419780254,0.012574111111462116,6.351107597351074,0.004641165025532246,-0.005692724138498306,-3.127384901046753,-0.0077940127812325954,0.00023415387840941548,-3.825892925262451,-0.0038684483151882887,-0.0032468088902533054,-0.017069276422262192,-0.01382436789572239,-0.011468250304460526,9.007110595703125,-0.004502542782574892,-0.029196154326200485,6.161324977874756,0.003992436919361353,0.005947447847574949,12.496856689453125,-0.009567247703671455,-0.010216644033789635,7.879147052764893,0.014906736090779305,-0.02508220076560974,6.088126182556152,0.023765746504068375,-0.018676457926630974,0.8126737475395203,0.00835916306823492,-0.0023182884324342012,0.44006961584091187,-0.012114336714148521,0.01615024544298649,-8.071717262268066,-0.0030052720103412867,0.010100826621055603,-2.9673893451690674,0.008425970561802387,-0.012881063856184483
data/train_audio/blujay/XC16897.mp3,0.1549357962101064,37339,-29.26657485961914,-45.62922286987305,-0.00015947115025483072,0.0001174904900835827,2400.014585073567,-0.052224480346275866,-0.23740772474354577,0.3453245759010315,0.33675435185432434,0.3183748722076416,0.2908778190612793,0.3679739534854889,0.532884955406189,0.3568575084209442,0.2979987561702728,0.2985208034515381,0.4727161228656769,0.7890805006027222,0.42972612380981445,151.99908088235293,4556.150889295212,1.0602459907531738,2269.8058024995585,2830.5734370899804,3343.3665018595366,-158.5081024169922,-0.052526507526636124,-0.021542932838201523,88.5730972290039,-0.0014093865174800158,-0.001646055607125163,-26.021913528442383,0.0259748175740242,0.00726328045129776,25.16653060913086,0.015260672196745872,-0.007042738609015942,8.3662109375,-0.009946886450052261,0.005170613992959261,2.3382275104522705,0.013921234756708145,0.002244339557364583,-9.858853340148926,0.006188234314322472,0.0023290750104933977,9.884119033813477,-0.0203839298337698,0.005675196181982756,5.2180891036987305,-0.0019138274947181344,-0.00858901534229517,14.175092697143555,0.01007880736142397,-0.009574910625815392,0.21929451823234558,-0.014065220952033997,0.002746225567534566,3.1262290477752686,-0.004965366795659065,0.013555310666561127,2.1479978561401367,-0.016085587441921234,0.004674025811254978,9.825156211853027,-0.021039294078946114,-0.012779825367033482,0.7586888670921326,0.009126133285462856,-0.0017418795032426715,0.902055561542511,0.012394384481012821,-0.006031378172338009,-0.10979419201612473,-0.028737448155879974,0.00321441818960011,11.604178428649902,0.006376716773957014,-0.01034977100789547,-3.687544822692871,0.03903019055724144,0.00472209881991148,-3.157196521759033,-0.006995294243097305,0.0009502451284788549
data/train_audio/blujay/XC169144.mp3,0.2609502805159396,239074,-79.99853515625,-80.0,1.3565525591729966e-08,1.3535222933569457e-06,3740.103952488812,0.006727035745230612,0.10961546360798592,0.3769846260547638,0.35191163420677185,0.45329809188842773,0.5766153931617737,0.540825605392456,0.37571629881858826,0.30089330673217773,0.33587488532066345,0.3886471688747406,0.3959968388080597,0.3960394561290741,0.4616260230541229,103.359375,7388.851293781459,1.0177592039108276,2851.6286150132137,3252.3556527452197,3587.836365764897,-486.4923095703125,-0.007700636517256498,-0.007918831892311573,42.35513687133789,0.0005594163667410612,-0.0102975619956851,-17.650501251220703,0.009213455952703953,0.0018527685897424817,-2.098629951477051,0.0035986474249511957,0.004013733938336372,-0.8796077966690063,-0.004381632898002863,-0.0017977376701310277,-9.864594459533691,-0.00825846940279007,-0.002622269093990326,-1.7774325609207153,-0.004569384269416332,-0.003463293891400099,4.502302169799805,-0.0009740313980728388,-0.0014634790131822228,-8.378758430480957,0.0004966632113792002,0.00100629311054945,-9.298421859741211,5.1139986680937e-06,0.0004127141728531569,-1.3648608922958374,-0.000243628048337996,-0.0007644055876880884,0.3026721775531769,0.0011950064217671752,0.0006790315383113921,-9.672462463378906,-0.0016223632264882326,0.0013792520621791482,1.7612208127975464,-0.0034748392645269632,8.972332580015063e-05,4.5428338050842285,-0.0005301213241182268,0.00041248422348871827,2.2266733646392822,-0.0010296949185431004,0.0019200583919882774,-3.6579301357269287,-0.002983220387250185,0.0013256889069452882,5.287353992462158,-0.0019828863441944122,-0.00042315362952649593,-1.6609731912612915,5.0511134759290144e-05,-0.0002502169518265873,-5.511397361755371,0.0008098121616058052,-0.0010331342928111553
data/train_audio/blujay/XC170063.mp3,0.16929117838541666,54188,-73.62336730957031,-80.0,-5.728826835138534e-08,-8.807217568573833e-07,2446.042419347421,-0.1901755166529542,0.5787885061591461,0.48926809430122375,0.737157940864563,0.5572671294212341,0.4674094319343567,0.4121522605419159,0.45297232270240784,0.648728609085083,0.4074036180973053,0.3202068507671356,0.31418344378471375,0.37205642461776733,0.3835642635822296,53.8330078125,3764.083275428185,1.1908308267593384,1900.7050156963878,2517.6865325432414,3074.658259251897,-297.42431640625,0.11030219495296478,-0.07453159242868423,71.62678527832031,0.018421074375510216,-0.03792775794863701,-66.43329620361328,-0.016127437353134155,0.031223220750689507,-25.006853103637695,0.002314032753929496,0.017455531284213066,-21.3210506439209,-0.0039025498554110527,-0.007274273782968521,1.7621698379516602,-0.000763838121201843,0.012516566552221775,-8.92063045501709,0.02769872173666954,0.015000924468040466,-3.591038942337036,0.01636377163231373,0.0019954671151936054,-7.677305698394775,-0.009078304283320904,0.011323687620460987,-4.044656753540039,-0.010499589145183563,0.011028245091438293,-0.9639648795127869,-0.004129729233682156,-0.002554846229031682,1.6823776960372925,-0.009087961167097092,0.001332040410488844,-2.563655376434326,-0.006924270186573267,-0.00013747849152423441,4.28943395614624,0.02211829088628292,-0.007595865521579981,-0.02012658677995205,-0.007890310138463974,-3.870901491609402e-05,8.37266731262207,-0.006285707000643015,-0.00587239908054471,7.553537845611572,-0.006241511087864637,-0.014630262739956379,5.974420070648193,-0.008584580384194851,-0.01906324364244938,3.390233039855957,-0.0024931668303906918,-0.0013471826678141952,13.623785972595215,0.008119598962366581,-0.003633492160588503
data/train_audio/blujay/XC174959.mp3,0.1517037196088795,36781,-79.93859100341797,-80.0,3.811140292242499e-09,-3.008296403095301e-07,2607.065310796251,1.47296928176481,-0.10304268559830597,0.5608816146850586,0.4974330961704254,0.47808992862701416,0.4995948076248169,0.539077877998352,0.5145464539527893,0.42719754576683044,0.48752057552337646,0.5657371878623962,0.5442363023757935,0.5731910467147827,0.5978788137435913,117.45383522727273,5350.773352850819,1.1092945337295532,2418.9094725429154,2928.7028184112783,3402.2740207660736,-364.4645080566406,-0.026112111285328865,-0.04323048144578934,77.91056060791016,-0.015916191041469574,-0.038333237171173096,-13.592525482177734,0.005343334283679724,0.004583553411066532,-16.675323486328125,0.007301365025341511,0.016643745824694633,-36.25074005126953,0.012007110752165318,-0.0054698726162314415,-11.074206352233887,0.013192214071750641,-0.012826131656765938,-17.702016830444336,0.011343575082719326,0.00793012697249651,-10.81639289855957,-0.0060960110276937485,0.02353568747639656,-16.36406707763672,-0.030617957934737206,0.01570528745651245,-6.5854926109313965,-0.023823590949177742,0.0010996005730703473,-10.276164054870605,0.008394289761781693,-0.0008413821924477816,-8.169849395751953,0.036317337304353714,0.0015183568466454744,-6.551292419433594,0.02443576790392399,0.0015693840105086565,-1.3737071752548218,-0.009811635129153728,0.006457258015871048,-8.324850082397461,-0.017503077164292336,0.003500452032312751,-1.234059453010559,-0.012106448411941528,0.0004255833337083459,-6.90526008605957,-0.0038434122689068317,0.0038422865327447653,-2.1272616386413574,0.0060353390872478485,-0.007865245454013348,-5.804643154144287,0.0072774081490933895,-0.007098678965121508,-2.1810970306396484,0.008426221087574959,0.0012999987229704857
data/train_audio/blujay/XC175223.mp3,0.2952047045765027,83114,-79.90359497070312,-80.0,-3.279319038540507e-09,1.800583326883043e-08,3882.1825307261824,-2.2721966659703057,0.11993548477546237,0.43845903873443604,0.44757941365242004,0.49916940927505493,0.5434091091156006,0.5712083578109741,0.4295709431171417,0.34593579173088074,0.3665945529937744,0.44442710280418396,0.4591631591320038,0.40734902024269104,0.44281071424484253,67.99958881578948,7094.033363217213,1.10722017288208,2658.247265573917,3030.5356768602414,3347.131095771827,-424.4605407714844,0.17168283462524414,-0.11719746142625809,24.649194717407227,0.06383035331964493,0.00507359066978097,-28.486541748046875,-0.03020056150853634,0.016239682212471962,9.295332908630371,-0.002059283433482051,-0.01021337416023016,-15.59666919708252,-0.017435507848858833,-0.00020280995522625744,-11.63184642791748,-0.04061296209692955,0.0006659452337771654,-14.425443649291992,-0.010971663519740105,0.0030941341537982225,-6.093177318572998,0.024012278765439987,0.01238848827779293,-24.92646598815918,0.0072561767883598804,0.010224406607449055,-8.062926292419434,-0.005935783497989178,-0.002583983587101102,-16.167476654052734,0.011740154586732388,0.004209720995277166,-6.1867218017578125,-0.021357916295528412,0.0017590088536962867,-16.108047485351562,0.006079451646655798,0.024714834988117218,-8.08911418914795,0.009297569282352924,0.016167236492037773,-9.565966606140137,-0.002508868696168065,0.0011768931290134788,-1.6394604444503784,-0.0028951354324817657,0.005063745658844709,-15.896174430847168,0.011988162063062191,0.01123948022723198,-6.283897399902344,-0.013371692970395088,0.002463230863213539,-7.5531721115112305,0.015038090758025646,0.00609268294647336,-6.211146831512451,0.02351069077849388,0.008442097343504429
data/train_audio/blujay/XC176358.mp3,0.03190544059684685,29059,-22.466773986816406,-21.725322723388672,-7.096749322954565e-05,2.005516034842003e-05,1404.0778452811949,-0.04706071962624684,0.08400025488889312,0.6653467416763306,0.5982513427734375,0.6025628447532654,0.6187384128570557,0.6381773948669434,0.6729220151901245,0.670855700969696,0.6120202541351318,0.5941869616508484,0.6028324961662292,0.6616380214691162,0.6934235692024231,89.10290948275862,2954.7167803790117,0.9883943796157837,2299.7758110923846,3073.7259809446023,3750.189347029026,-302.4075927734375,0.02236427180469036,-0.0208219513297081,110.567626953125,0.001310376450419426,0.0005348805570974946,8.991358757019043,-0.0033050631172955036,0.0022698130924254656,15.787857055664062,-0.0049405633471906185,-0.003515469841659069,23.100399017333984,-0.00013200388639234006,-0.0026244865730404854,21.92237663269043,0.0007243161671794951,-0.0033455153461545706,6.561574935913086,-0.0024833923671394587,0.0011411233572289348,18.32855987548828,-0.0007675886154174805,9.522365871816874e-05,11.612863540649414,0.0005341580254025757,-0.0025978812482208014,12.00511360168457,-0.0015412416541948915,-0.003916614688932896,4.197045803070068,-4.1499464714434e-05,-0.0017337565077468753,7.984633922576904,0.00377082172781229,-0.001442453940398991,3.5561935901641846,-0.00048655419959686697,-0.002019748790189624,8.334653854370117,-0.002114820061251521,-0.0022442545741796494,-1.2961288690567017,-0.0003262544923927635,-0.00022174415062181652,3.1737704277038574,0.0017615390243008733,-0.000762911862693727,2.012241840362549,-0.0011757443426176906,-5.052882988820784e-05,9.204882621765137,0.0011749551631510258,-0.00027662288630381227,-5.328145503997803,0.00283790216781199,0.0017327851383015513,0.8321287035942078,0.0064002093859016895,0.00026954695931635797
data/train_audio/blujay/XC179708.mp3,0.2949017833970366,400256,-79.8006820678711,-80.0,-3.2651485959434012e-09,9.684079316230054e-08,3494.0043422120693,0.106851557530636,-0.06192210898498524,0.51924729347229,0.42571619153022766,0.3160204291343689,0.2980671226978302,0.2673092484474182,0.25440555810928345,0.27340519428253174,0.26080575585365295,0.2623650133609772,0.39255014061927795,0.5772537589073181,0.49609214067459106,117.45383522727273,5588.227942737825,1.0840483903884888,2242.876845258828,2676.688219158543,3051.063044304826,-298.0653076171875,-0.00741603784263134,-0.019762739539146423,42.88726806640625,-0.00533341197296977,0.0027073356322944164,-19.8674373626709,0.0008554671076126397,0.0017766086384654045,38.077850341796875,0.002725617028772831,-0.004129604436457157,-19.121238708496094,0.0013631252804771066,-3.679935252876021e-05,3.7613723278045654,0.0022507982794195414,-0.002404274418950081,-0.24138903617858887,-0.001281083794310689,-0.0021636008750647306,-5.353194236755371,-0.0017363615334033966,-0.0010756414849311113,2.0158019065856934,0.005948465783149004,0.00045661235344596207,0.500170886516571,0.002506784163415432,0.0002282960485899821,-17.284273147583008,-0.009654022753238678,0.003417165484279394,-0.04114934429526329,0.001364620984531939,0.0020463361870497465,-3.3784778118133545,0.0029157192911952734,-0.00017718272283673286,-4.873535633087158,-0.003362844930961728,0.0007900246419012547,2.6509151458740234,0.0047218771651387215,0.0017064162530004978,3.9334352016448975,0.0006321562686935067,0.0018823251593858004,-9.138286590576172,0.0010946859838441014,0.0025501903146505356,-2.921332359313965,-0.001378527726046741,-0.0009757184307090938,-3.3547403812408447,-0.0023792781867086887,0.0023127493914216757,2.3211188316345215,0.0005890718894079328,-0.0001653363142395392
data/train_audio/blujay/XC186308.mp3,0.21679917459772372,141522,-80.0,-80.0,-1.3101967510920076e-08,4.638928796651953e-09,3263.744204467778,-0.31767341490819284,0.07789457211322608,0.4094894528388977,0.4099999666213989,0.36653581261634827,0.35968437790870667,0.3441024720668793,0.30216655135154724,0.33888036012649536,0.5645666122436523,0.7128594517707825,0.49092185497283936,0.3521791696548462,0.3741883933544159,103.359375,5843.805401141827,1.1264420747756958,2295.6407985728806,2765.3144034224283,3187.2379692621166,-347.62677001953125,-0.01949509046971798,-0.03452373296022415,19.45355987548828,-0.015684012323617935,-0.02249795012176037,-40.49496078491211,0.005192236974835396,0.013560961000621319,-2.3531017303466797,0.00335283437743783,0.008421358652412891,-41.123836517333984,0.0022491412237286568,0.001854265690781176,-27.275461196899414,0.004581654444336891,0.005728294141590595,-22.12205696105957,0.002447072882205248,0.005131599027663469,-16.864343643188477,0.004857103805989027,0.008164506405591965,-32.45132827758789,0.004124492406845093,0.007040493190288544,-9.169584274291992,0.0007125975680537522,0.0019153193570673466,-17.252246856689453,-0.0010581682436168194,-0.002079104306176305,-16.173582077026367,0.0017534814542159438,-0.0015897267730906606,-9.456429481506348,0.0038518202491104603,0.0018014113884419203,0.5092910528182983,0.005429448094218969,0.003309863619506359,-4.960249423980713,0.004011521581560373,0.002244239207357168,2.6115410327911377,0.0022779922001063824,0.0023013900499790907,-5.215117454528809,-0.004761103540658951,-0.0019033943535760045,-1.6067652702331543,-0.004455829504877329,-0.0005827342974953353,4.277536392211914,0.00021909151109866798,0.0012875634711235762,10.60352897644043,-0.0009174882434308529,-0.003771514631807804
data/train_audio/blujay/XC205522.mp3,0.15466794697256292,497458,-75.44969177246094,-80.0,3.7645637007699406e-07,6.5271651692455634e-06,2539.4816329997425,-0.16892507840316304,-0.05477887120488889,0.458600789308548,0.461660236120224,0.4697101414203644,0.5163449645042419,0.5055265426635742,0.4067452847957611,0.34499770402908325,0.33271366357803345,0.35591965913772583,0.37054985761642456,0.4007388651371002,0.43016573786735535,123.046875,4878.877437672975,1.2372157573699951,2305.401312567177,2888.285582835915,3411.7139662580603,-386.71337890625,0.00520327128469944,-0.008488021790981293,81.22022247314453,0.005822920706123114,-0.0022556346375495195,-32.75592041015625,0.005750239826738834,0.0036142882890999317,-3.2488651275634766,-0.0016726894536986947,-4.3532086237974e-06,-18.276399612426758,-0.005756840109825134,0.002233060309663415,-19.43291473388672,-0.001701774657703936,0.0010638841195032,-15.26931381225586,-0.0016789173241704702,-0.00020985340233892202,-4.130420684814453,-0.0013414736604318023,0.0015007257461547852,-17.54012107849121,0.00046803063014522195,0.0017813892336562276,-5.18090295791626,-0.0003415528917685151,0.0004430039844010025,-2.8825597763061523,-0.0028672125190496445,0.00019690708722919226,3.919182062149048,-0.0019500526832416654,-0.00013764742470812052,-5.3458781242370605,0.0010932818986475468,-0.00030133864493109286,0.3873559236526489,0.0016115991165861487,-1.8441854990669526e-05,-1.4673625230789185,-0.0010937482584267855,0.0001742321765050292,-2.433793067932129,-0.0003390859055798501,0.0006858649430796504,-3.615391254425049,-0.0017329693073406816,-5.2489420340862125e-05,-2.4313292503356934,-0.0033041208516806364,-0.0009897102136164904,-5.558601379394531,0.001273527042940259,-0.00022385845659300685,-2.0306508541107178,0.0042299311608076096,0.0022304849699139595
data/train_audio/blujay/XC233380.mp3,0.15626696193408315,140600,-49.131526947021484,-62.46744918823242,-1.0602999282127712e-05,-9.272183524444699e-05,2944.508098854555,-0.6240420474286812,0.18936982596634427,0.6591325402259827,0.5354138612747192,0.5418713092803955,0.5638328194618225,0.6259986162185669,0.6633862257003784,0.5801211595535278,0.5020259022712708,0.5787053108215332,0.5841605067253113,0.5983476638793945,0.7270387411117554,107.666015625,6219.827708459389,1.021178126335144,2777.8172092051823,3237.803411808662,3645.0577857023964,-313.47259521484375,0.018661076202988625,0.0016391603276133537,54.270652770996094,-0.001552121015265584,-0.0007537285564467311,3.74137806892395,0.001445386791601777,0.002023861277848482,24.737749099731445,0.012934778816998005,-0.005188833922147751,4.835160255432129,0.009450695477426052,-0.0008632649551145732,17.45492935180664,0.008967967703938484,-0.003806713502854109,9.325935363769531,0.005491925869137049,0.0016607119468972087,13.915066719055176,0.009360061027109623,0.00039290465065278113,4.5760321617126465,0.0053525990806519985,-0.0003075975109823048,9.56604290008545,0.0067238761112093925,-0.0006210983265191317,4.594203472137451,0.005606210324913263,-0.003682977519929409,7.842645168304443,0.004928106442093849,0.0005748256808146834,2.238929510116577,0.0072177560068666935,0.0006541396724060178,6.340949535369873,0.003659442299976945,-0.0006469034124165773,1.4595270156860352,0.005956535693258047,-0.0006773851928301156,5.628124237060547,0.0017619476420804858,0.0015979043673723936,1.9030561447143555,0.003927889745682478,-0.0018597737653180957,4.942661762237549,-0.0016597622307017446,-0.0021510436199605465,-1.8861011266708374,0.002909052185714245,-0.004971358459442854,2.7597742080688477,0.0015378888929262757,-0.0015032378723844886
data/train_audio/blujay/XC233403.mp3,0.16956256856889104,311842,-49.10161209106445,-67.1716079711914,-3.9774928154656664e-05,-4.896005702903494e-05,3038.215086715453,-0.1717205132416115,-0.03260962720073887,0.6717797517776489,0.6875121593475342,0.6208251714706421,0.674696683883667,0.6273368000984192,0.6882054805755615,0.7024676203727722,0.6126313805580139,0.6407942175865173,0.6732512712478638,0.6586893796920776,0.6426383852958679,107.666015625,6357.28073736591,0.9773411154747009,2753.51864575513,3216.69355533438,3625.7607274047155,-299.58624267578125,-0.011370168067514896,-0.014291413128376007,60.69694900512695,0.024948205798864365,0.0008759255870245397,-9.962825775146484,0.0030422306153923273,0.00013894149742554873,10.802336692810059,-0.016453800722956657,-0.0011515177320688963,5.7909932136535645,0.003413841361179948,-0.00012180086923763156,17.513172149658203,-0.004140354227274656,0.0007675940287299454,7.684869289398193,-0.0036071008071303368,0.00020595206297002733,15.014044761657715,0.001358097419142723,0.0008025667048059404,5.138883590698242,-0.0015521027380600572,-0.00022739994165021926,8.843398094177246,0.004226233810186386,0.0003709155134856701,2.276439905166626,-0.006612871773540974,0.001079519628547132,6.370845794677734,-0.001715725869871676,0.0021914527751505375,-2.16927433013916,-0.0017680837772786617,0.0012801858829334378,4.613955974578857,6.656747427769005e-05,0.0017661293968558311,-0.9049856066703796,0.0018291100859642029,0.0014016974018886685,3.5625267028808594,-0.0026938545051962137,-0.0004007821553386748,0.4570211172103882,-0.0035015763714909554,-0.0011014036135748029,3.228537082672119,0.002419950207695365,-0.0008104019798338413,-1.747861385345459,-0.00054005510173738,0.0008151009678840637,3.466907262802124,-0.00616208603605628,0.002588806673884392
data/train_audio/blujay/XC234317.mp3,0.24724520169771635,105395,-31.13954734802246,-37.772708892822266,0.00029671977972611785,4.492933294386603e-05,3648.505186408072,-0.2689212765773892,-0.8018996249549019,0.3241420388221741,0.32516714930534363,0.36147356033325195,0.33439508080482483,0.35105031728744507,0.38407665491104126,0.5057774782180786,0.5683645606040955,0.532264769077301,0.5121034979820251,0.4223044812679291,0.35232317447662354,129.19921875,6341.709489088792,1.256826639175415,2487.2329990352564,2870.038127887601,3200.62174829721,-154.043701171875,-0.0011703715426847339,-0.034866586327552795,28.105863571166992,0.011773026548326015,0.026368021965026855,-8.660565376281738,0.005088450852781534,0.0006781667470932007,41.03009796142578,0.003684916067868471,-0.02410917542874813,-12.542973518371582,0.000363873754395172,0.014326454140245914,17.256723403930664,0.0017973070498555899,-0.008445631712675095,9.730267524719238,0.010377863422036171,0.011993171647191048,17.453655242919922,-0.024930426850914955,0.010050549171864986,0.2981640100479126,0.01574917882680893,-0.0027048324700444937,13.118154525756836,0.022925226017832756,-0.004970180336385965,3.7645814418792725,-0.004817584529519081,0.006697655655443668,-1.475277066230774,0.005422371905297041,0.0011203171452507377,0.4369339644908905,0.006014472804963589,0.00445932149887085,13.091569900512695,-0.007459211628884077,-0.007069015875458717,0.4953332543373108,-0.0045775300823152065,-0.0003217557677999139,8.82815933227539,0.0056131985038518906,-0.002886350965127349,-0.6108070015907288,-0.00021375544019974768,-0.00447817100211978,5.103281021118164,-0.002775144064798951,0.001889251871034503,3.582667350769043,0.0063263606280088425,0.0076719047501683235,9.495491981506348,-0.00010731357906479388,-0.007740087807178497
data/train_audio/blujay/XC234669.mp3,0.13043276248918684,115895,-52.96963119506836,-64.75896453857422,-1.3169623343856074e-05,-6.322655826807022e-05,2545.380209822163,1.4533988260563104,0.5111538599307693,0.707135021686554,0.6582642197608948,0.6548531651496887,0.6249297261238098,0.631075382232666,0.6342363953590393,0.640792965888977,0.6030049324035645,0.5972205996513367,0.6404265761375427,0.6758058667182922,0.6945881247520447,135.99917763157896,5393.005624526924,1.0034730434417725,2574.5054401379357,3124.3073879950985,3610.9024280768567,-341.9505920410156,0.0705496296286583,0.03742446377873421,68.83219146728516,-0.02170545607805252,-3.2836316677276045e-05,-12.156038284301758,-0.01741940714418888,-6.677273631794378e-05,17.395004272460938,-0.0030242870561778545,-0.00032635460956953466,18.141658782958984,-0.0032937435898929834,-0.005090623628348112,17.002399444580078,-0.017034322023391724,-0.012869372963905334,7.43463134765625,-0.02834012359380722,-0.016938278451561928,13.847577095031738,-0.010517297312617302,-0.007369456347078085,10.525938987731934,-0.010376343503594398,-0.007309651933610439,8.247892379760742,-0.005904691759496927,-0.0009127752273343503,3.5061187744140625,-0.010877037420868874,-0.007996943779289722,9.494955062866211,0.0008753864094614983,-0.0032584064174443483,1.8208329677581787,-0.0008384590037167072,4.010698376077926e-06,7.189865589141846,-0.008714749477803707,-0.0018430198542773724,0.9371711015701294,-0.003763918299227953,0.00047703777090646327,5.513218402862549,-0.007433313876390457,-0.0014218896394595504,3.0230624675750732,-0.0031934501603245735,-0.0006841557915322483,4.989110946655273,0.007583975791931152,0.0017178545240312815,-0.2003677487373352,0.006587022449821234,0.0024527066852897406,3.506058692932129,0.004476688336580992,0.0018842783756554127
data/train_audio/blujay/XC277334.mp3,0.5355718568313953,118232,-79.4188461303711,-79.99722290039062,1.7763893467304115e-08,-8.515460194757907e-07,5323.8992409942475,0.3891605515308183,-0.24932908252488376,0.35503411293029785,0.15916293859481812,0.15140122175216675,0.17169204354286194,0.18151025474071503,0.2321365922689438,0.33925822377204895,0.6521964073181152,0.7314982414245605,0.9152565598487854,0.6808430552482605,0.4472864270210266,151.99908088235293,7662.415061773256,1.2231488227844238,2535.972038056591,2843.805481571745,3092.926299114264,-315.7716064453125,0.07584992051124573,-0.1066906750202179,-10.574246406555176,-0.03393024578690529,0.056990157812833786,-50.002925872802734,-0.06272628158330917,0.07718852162361145,-61.183837890625,-0.04115374758839607,0.05864923074841499,-47.26044845581055,-0.0718710869550705,0.07357459515333176,-13.401228904724121,-0.048130519688129425,0.05935826525092125,-61.67109680175781,-0.05336868017911911,0.05139682814478874,5.262886047363281,-0.005945225711911917,0.025312816724181175,-64.59185028076172,-0.0502990260720253,0.03554990515112877,12.485553741455078,-0.033298835158348083,0.0048275538720190525,-35.396175384521484,-0.022749682888388634,0.06026502326130867,-5.342013835906982,-0.02263338677585125,0.021767105907201767,-2.929953098297119,0.023818375542759895,0.017672711983323097,-12.465250015258789,-0.023123785853385925,0.020320342853665352,6.143974781036377,0.018196336925029755,-0.01471866387873888,1.4378796815872192,0.024780992418527603,-0.005774561315774918,-5.941012382507324,0.012221083976328373,0.008051217533648014,14.226850509643555,-0.019331736490130424,-0.015454046428203583,-0.27965009212493896,0.005657922476530075,0.008672313764691353,6.252254962921143,-0.017152654007077217,-0.008183913305401802
data/train_audio/blujay/XC277339.mp3,0.22166904956427017,52211,-42.896141052246094,-69.077392578125,-1.318356953561306e-05,6.503891654574545e-06,3264.342345937586,-0.28381150652139936,0.098004279359714,0.5864046216011047,0.5383718013763428,0.5871943235397339,0.5804876685142517,0.47070708870887756,0.48848477005958557,0.5074076056480408,0.5601774454116821,0.5705324411392212,0.578947901725769,0.5731485486030579,0.5962145328521729,184.5703125,5870.68301930147,1.0346587896347046,2495.114709358621,2871.240738798836,3236.8220821813516,-281.65179443359375,-0.08148819953203201,0.015376076102256775,47.63308334350586,0.00541711924597621,-0.004694693256169558,-25.37924575805664,-0.014705982059240341,-0.0043821316212415695,-7.7926201820373535,-0.008338400162756443,0.0012988430680707097,-49.282562255859375,-0.028948254883289337,0.005993742495775223,23.444643020629883,0.0026413039304316044,-0.014101817272603512,17.297847747802734,0.000713676679879427,-0.011677419766783714,10.561369895935059,-0.025892697274684906,-0.018441708758473396,20.095857620239258,0.02584570087492466,-0.010350248776376247,16.39945411682129,-0.02173231914639473,-0.007194888778030872,3.721572160720825,0.019608736038208008,-0.00719942431896925,15.741724967956543,0.011852927505970001,-0.016241302713751793,-0.6368203163146973,-0.00714526791125536,0.006388182286173105,-0.830795407295227,0.01960083656013012,0.008654781617224216,-2.5866551399230957,-0.018028920516371727,0.013265112414956093,0.5843511819839478,-0.00297303544357419,-0.00319033139385283,-2.6983790397644043,-0.017355546355247498,-0.0026523969136178493,11.597419738769531,0.03072572872042656,-0.004172452725470066,-2.2882027626037598,0.0030643197242170572,-0.005046075209975243,4.569164752960205,-0.001039220835082233,0.005709527526050806
data/train_audio/blujay/XC278825.mp3,0.44600793769454694,991002,-75.85261535644531,-80.0,3.0154316732478037e-07,4.2636834223230835e-06,4994.100539848469,0.062204512925755004,0.0262404895622952,0.8777504563331604,0.5246292352676392,0.3010993003845215,0.26497533917427063,0.23438383638858795,0.264668732881546,0.2864639163017273,0.27631819248199463,0.26680639386177063,0.26863130927085876,0.35256049036979675,0.503501296043396,117.45383522727273,8337.927338976395,0.99052494764328,2861.8193988242747,3153.7992314914923,3373.731573901251,-437.4631652832031,-0.003916910383850336,-0.00929391011595726,8.287775993347168,0.001458098297007382,-0.002480119001120329,-7.436435699462891,-0.0007272762013599277,-0.001382801798172295,-11.192333221435547,-0.002346314024180174,0.0021100931335240602,-17.748014450073242,0.003690918907523155,0.0010200763354077935,2.319284677505493,-0.0013026585802435875,-7.282719889190048e-05,-8.260187149047852,0.0001096813430194743,0.0006924020708538592,-0.37155526876449585,0.0044899326749145985,-0.0011213717516511679,-6.086902141571045,-0.0027973928954452276,-0.00036252092104405165,9.06013298034668,-0.0005842170212417841,-0.00017422533710487187,-13.645575523376465,0.0010362340835854411,0.001695666927844286,13.279226303100586,-0.0025048241950571537,-0.0009666613768786192,-10.300540924072266,0.001745373709127307,0.0002787474659271538,-1.288520097732544,0.002099074888974428,0.0008611861849203706,-5.058008193969727,-0.001282185548916459,6.989616849750746e-06,-1.9027009010314941,0.0012912414968013763,0.0008573682862333953,-11.663249969482422,0.0010776439448818564,0.0016854743007570505,9.503890991210938,-0.002399343065917492,-0.0008816768531687558,-16.597042083740234,0.003284693229943514,0.001082240603864193,5.361414909362793,-0.00024478332488797605,-0.0014376952312886715
data/train_audio/blujay/XC282293.mp3,0.082373046875,19436,-47.41646194458008,-46.180843353271484,-8.144276762322988e-06,-6.236034096218646e-05,1803.123619746563,1.3511308225683583,-0.8277818165550428,0.6268123388290405,0.6241921186447144,0.6093941330909729,0.6392090916633606,0.6712389588356018,0.6521689891815186,0.583871603012085,0.5731909871101379,0.6103128790855408,0.6616155505180359,0.6670278906822205,0.6296663880348206,69.83741554054055,3580.0120478091035,1.0452004671096802,2196.7231473305424,2872.4671520610736,3482.5864769342543,-317.8592529296875,0.08036641776561737,-0.10840759426355362,120.39183807373047,-0.05192917585372925,0.009868143126368523,-1.7510333061218262,0.05988659709692001,-0.03126430884003639,19.176740646362305,0.06314949691295624,-0.02763902023434639,3.8734030723571777,-0.09001035243272781,0.039372146129608154,13.606118202209473,0.03887874633073807,-0.013492254540324211,5.287092208862305,0.004220917820930481,0.016236813738942146,6.940519332885742,-0.05507094785571098,-0.01606081612408161,0.8445621728897095,0.028312020003795624,-0.015215680934488773,7.428468704223633,-0.012093680910766125,0.016224712133407593,-0.5925634503364563,-0.03398667648434639,-0.002760130912065506,4.29091739654541,0.01085179764777422,0.004312955774366856,0.24095086753368378,-0.026837419718503952,0.0076296040788292885,6.8597941398620605,-0.004837421700358391,0.016723796725273132,-0.136424720287323,0.03269152715802193,0.005329055245965719,4.710592746734619,0.007906903512775898,0.012816156260669231,-0.13029950857162476,-0.001203951658681035,0.009838797152042389,7.007413387298584,0.00863316934555769,-0.0043121385388076305,1.7681365013122559,-0.012997577898204327,-0.004186967853456736,4.092151165008545,-0.010575761087238789,-0.009347790852189064
data/train_audio/blujay/XC282294.mp3,0.15364961845930233,104948,-61.7839469909668,-70.78028106689453,-6.04626075073611e-06,-0.00011264914064668119,2264.5217641340046,-0.8013544989824073,0.10783145153201092,0.435922235250473,0.4777873158454895,0.4624301791191101,0.4982945919036865,0.5863723158836365,0.43266865611076355,0.38073527812957764,0.384952574968338,0.49869367480278015,0.5691418051719666,0.5591347217559814,0.4920397996902466,135.99917763157896,3848.2644770079237,1.2011395692825317,1971.7188887480106,2546.0286104135175,3090.743410413035,-235.20489501953125,0.10064543783664703,-0.02805706113576889,96.57257080078125,0.06467190384864807,-0.006166525185108185,-33.10687255859375,-0.021326212212443352,-0.010225314646959305,39.42976379394531,-0.05030718073248863,-0.007664416451007128,4.987223148345947,-0.012270253151655197,0.007398196961730719,4.570590019226074,-0.0028729084879159927,0.0003197813930455595,10.739147186279297,-0.014728596433997154,-0.009403001517057419,6.292013645172119,0.0017334393924102187,-0.005184184294193983,-2.361748695373535,-0.0012434418313205242,-0.0034897997975349426,3.3337864875793457,-0.007455038838088512,-0.0057138861157000065,-1.295375943183899,0.008763919584453106,0.0020416209008544683,-2.2220096588134766,-0.006595910526812077,0.007384136319160461,-5.119400978088379,-0.005947223398834467,0.0037535233423113823,4.676757335662842,0.002944008447229862,-0.0025929808616638184,1.6449766159057617,-0.004735917318612337,-0.002063441788777709,2.020221710205078,0.00600162148475647,-0.003862653858959675,-4.261470317840576,-6.153435242595151e-05,0.0011776669416576624,3.1329188346862793,-0.003654393833130598,-0.0007335729897022247,2.3158481121063232,-0.006878955755382776,0.0019873317796736956,-3.137120485305786,0.002976370742544532,0.0008606589399278164
data/train_audio/blujay/XC282295.mp3,0.07312693753563283,65719,-55.15871810913086,-65.18952178955078,-1.0493981790204998e-05,-0.0001192840572912246,1643.0386403069122,-0.43363255949235785,-0.0636978218664161,0.6084043979644775,0.6326941847801208,0.6021122932434082,0.5341318845748901,0.48695749044418335,0.4957498013973236,0.5059632062911987,0.4670148491859436,0.403988778591156,0.4049654006958008,0.48168277740478516,0.5871561169624329,95.703125,3322.1902114363597,1.1011015176773071,2145.1451857429583,2844.959324691415,3474.5569561211596,-269.03021240234375,0.04652399942278862,-0.015260979533195496,119.96741485595703,0.02190713956952095,-0.005667293909937143,14.718647956848145,0.021091608330607414,-0.005012811161577702,39.01434326171875,0.004782379604876041,0.008166754618287086,12.36518669128418,-0.009799514897167683,0.0015081499004736543,5.443162441253662,-0.005847569555044174,0.003427064511924982,2.1638991832733154,-0.004326097201555967,0.006751704029738903,5.995611667633057,0.0017663375474512577,-0.0004251617647241801,-3.1231415271759033,0.0009765223949216306,-0.001999676926061511,2.3197638988494873,0.01569913513958454,0.0003301955875940621,-1.3745026588439941,-0.0004313576500862837,0.0004982755053788424,-0.8085111975669861,-0.0025375857949256897,-0.0024700427893549204,-5.475231647491455,0.005408880766481161,0.0024031978100538254,4.527164459228516,-0.0037510066758841276,0.0022865028586238623,-2.405893325805664,-0.004335871431976557,0.002860893029719591,1.0639324188232422,-0.00211081700399518,0.0016635616775602102,-4.624516010284424,-0.0023776430170983076,0.0021572608966380358,-2.3743960857391357,2.6646470359992236e-05,-0.004577267449349165,-3.7214624881744385,0.003243468003347516,-0.0036323689855635166,2.8240232467651367,-0.0027969179209321737,-0.0009687182609923184
data/train_audio/blujay/XC282296.mp3,0.08739598408104197,30978,-50.475868225097656,-52.68576431274414,-8.941369742387906e-06,-9.452815720578656e-05,1741.2513737622703,0.20222395445454058,0.034589592648429715,0.4348479211330414,0.5578471422195435,0.5781628489494324,0.5167006850242615,0.5171031951904297,0.5487698316574097,0.6531993746757507,0.5687471628189087,0.38129135966300964,0.3693358302116394,0.3895999491214752,0.4024394452571869,54.978390957446805,3328.9521809424746,1.161178708076477,2028.2940528082395,2689.327208949932,3298.6264661509736,-257.7794494628906,0.06136499345302582,-0.05389534682035446,108.20573425292969,-0.014695771038532257,0.0018728963332250714,4.367721080780029,0.0016841584583744407,-0.011600058525800705,53.13618087768555,0.08755557984113693,-0.02408408932387829,12.655749320983887,-0.036866866052150726,-0.00048400420928373933,7.6995015144348145,-0.03847407177090645,0.01674753427505493,5.578868865966797,0.031888142228126526,-0.0030883096624165773,8.558452606201172,-0.018656035885214806,-0.0007834686548449099,-2.0024096965789795,-0.026734789833426476,0.008383882232010365,1.843437671661377,0.014402675442397594,-0.005328052211552858,1.1677768230438232,-0.0026496772188693285,-0.0018715464975684881,0.570238471031189,-0.027902904897928238,-0.004489690065383911,-4.983038902282715,-0.004823589231818914,0.011111577041447163,8.524867057800293,0.028418539091944695,-0.0002235676220152527,-0.2576044201850891,-0.012185311876237392,-0.014555399306118488,4.661266803741455,-0.019098659977316856,-0.007109942380338907,-1.8768153190612793,0.000371492380509153,-0.0028794726822525263,-2.2485058307647705,-0.015394470654428005,0.0035636224783957005,-5.340652942657471,0.013907243497669697,0.003907694015651941,5.136427402496338,-0.00569875119253993,0.0041719540022313595
data/train_audio/blujay/XC282989.mp3,0.49936100624127094,732748,-45.205318450927734,-51.29389572143555,6.006344310804934e-09,1.1932456800423097e-07,5431.632845916469,-0.014328267942104742,-0.025513268780914974,0.8078228235244751,0.8614226579666138,0.8530479669570923,0.8245366215705872,0.7368184328079224,0.6553711891174316,0.6912345886230469,0.685372531414032,0.7052446603775024,0.7254676222801208,0.7534336447715759,0.762308657169342,123.046875,8898.54356137068,0.9076308608055115,2884.5076033966857,3167.1989045879095,3379.901824617111,-170.652587890625,0.0201867762953043,-0.019682712852954865,-19.56735610961914,0.002362884348258376,-0.0006280618254095316,-8.837605476379395,-0.0010743773309513927,-0.0008551549399271607,6.089656829833984,-0.0019836428109556437,-0.0003409267810638994,-2.177154779434204,-0.0015115065034478903,0.000434288929682225,3.280362129211426,0.001305687241256237,-0.0004611988551914692,-2.470705986022949,0.0006998186581768095,-0.00017264152120333165,3.787933826446533,-0.0006246090633794665,0.0011639080476015806,-1.6719763278961182,-0.0011474619386717677,0.0016563843237236142,3.3590078353881836,-0.0009368539904244244,-0.001024035387672484,-3.0514116287231445,-0.0014901094837114215,-0.0016578376526013017,3.327756404876709,-0.002481088973581791,0.0015796609222888947,-3.282336950302124,-0.0023018165957182646,0.0009377093520015478,2.675156831741333,-0.0012672953307628632,-0.0006355409859679639,-3.034764051437378,0.00023284055350814015,0.0006828837795183063,2.0519142150878906,0.0021484780590981245,0.0001343916228506714,-2.4402923583984375,0.0004060509381815791,0.0005405512638390064,2.5423309803009033,-0.0024492854718118906,0.0006108919042162597,-3.8077001571655273,-0.0017888732254505157,0.00021768873557448387,2.3330626487731934,-0.0005908826715312898,-0.00014899812231305987
data/train_audio/blujay/XC286399.mp3,0.34023758589134345,678592,-79.81550598144531,-80.0,2.064467263807046e-09,7.085377262683323e-08,4215.39213265317,-0.529013062455278,-0.08962631051537562,0.28290989995002747,0.28836092352867126,0.3037901222705841,0.3153529465198517,0.37698718905448914,0.5690077543258667,0.4869388937950134,0.4452020525932312,0.5420895218849182,0.7538396716117859,0.54250168800354,0.32331761717796326,234.90767045454547,7171.964346814394,1.2922786474227905,2772.2781125513484,3005.3694200170116,3205.975848505907,-430.04241943359375,-0.07010124623775482,-0.030304159969091415,26.73232078552246,0.02643798664212227,-0.001618787762708962,16.229555130004883,0.01298039872199297,-0.004358996171504259,14.869081497192383,0.0031739030964672565,-0.0028777618426829576,-22.344167709350586,-0.003519271034747362,0.002343497471883893,12.361966133117676,0.007469476200640202,-0.0028831884264945984,-21.346752166748047,0.002679523080587387,0.0008356785983778536,10.082037925720215,-0.009091931395232677,-0.0002510568592697382,-20.20134735107422,0.0043166084215044975,0.0003225080145057291,-4.5655341148376465,0.000681112112943083,0.002607156988233328,-9.271833419799805,-0.0034253885969519615,0.0016457167221233249,-22.062713623046875,0.004161058459430933,0.004759481642395258,-12.86593246459961,-0.0028881202451884747,0.0026579468976706266,-9.810259819030762,0.001345364609733224,0.0007085922406986356,-9.764699935913086,0.00026159166009165347,0.0009822722058743238,-9.027822494506836,-0.0014264194760471582,0.001859867013990879,-13.516532897949219,0.009161082096397877,0.0030368331354111433,-8.42658805847168,-0.0006581011693924665,0.0015749386511743069,-3.0514965057373047,-0.004579080734401941,-0.0008232038235291839,-12.34678840637207,0.00037255178904160857,-0.00016341281298082322
data/train_audio/blujay/XC288988.mp3,0.6223685972152218,158198,-79.70985412597656,-79.93019104003906,-1.4325779673640682e-08,-7.528234618803253e-06,6585.8259960815885,-5.501598625986998,-4.443465029033526,0.8772116303443909,0.6951577067375183,0.38050663471221924,0.3149406611919403,0.19229698181152344,0.08532197773456573,0.10881116986274719,0.16301825642585754,0.2427939921617508,0.24358858168125153,0.2654268145561218,0.5596782565116882,103.359375,9135.287770917339,1.0654938220977783,2717.8606914704533,3152.8490125932535,3516.6588925847423,-390.69903564453125,0.21460913121700287,-0.11194746196269989,-39.40176773071289,0.18059976398944855,0.12555180490016937,3.2880425453186035,0.058351363986730576,0.017622660845518112,-38.77685546875,0.10592377930879593,0.06708614528179169,-21.175838470458984,0.08744543045759201,0.02826591022312641,-29.671558380126953,0.07938456535339355,0.0307843629270792,-25.676698684692383,0.044820286333560944,0.021893208846449852,-15.9075345993042,0.05766839534044266,0.024820081889629364,-18.837621688842773,0.024107644334435463,0.006957779638469219,4.141346454620361,0.05186090245842934,-0.003357522888109088,-18.00817108154297,0.011637111194431782,0.007674755994230509,10.264894485473633,-0.0030593266710639,-0.0030267604161053896,-2.108891725540161,-0.01582050509750843,0.013831252232193947,8.235820770263672,-0.010822360403835773,0.0048929969780147076,9.42411994934082,-0.012675506062805653,-0.005673989653587341,6.050548076629639,-0.019910605624318123,-0.0005012414185330272,-3.1114399433135986,0.010236493311822414,0.00715535506606102,10.402576446533203,-0.010776561684906483,-0.030652161687612534,-3.9551548957824707,0.015967344865202904,-0.005804967135190964,6.610480308532715,-0.003196573117747903,-0.012340491637587547
data/train_audio/blujay/XC296398.mp3,0.10122527712000298,173843,-51.44689178466797,-53.850284576416016,-6.981674687267514e-06,-5.319234696798958e-05,2139.6241596136288,-0.17519573684969564,0.004891214555411202,0.5710507035255432,0.5242471694946289,0.517008900642395,0.48923203349113464,0.48111334443092346,0.5295794010162354,0.5550103187561035,0.548502504825592,0.5324004292488098,0.4978959858417511,0.49272051453590393,0.5542385578155518,107.666015625,4942.66347953414,1.10524320602417,2553.9023904463106,3174.826322642804,3719.205632257642,-343.4589538574219,-0.02056100219488144,-0.002313312143087387,101.53244018554688,0.004516002722084522,3.8145124563016e-05,30.724241256713867,0.005915014073252678,0.0014542569406330585,32.36784744262695,0.0036937559489160776,-0.0007960647926665843,-2.956158399581909,0.0003333672066219151,-0.0002662986807990819,-0.9318060874938965,-0.002253140788525343,-0.0016782861202955246,-5.317296981811523,0.0002234155690530315,0.0008615365368314087,9.67933177947998,-0.0003394917002879083,0.0016985415713861585,-2.5464658737182617,-0.0008156978292390704,0.0025107357650995255,7.541741847991943,0.0011096879607066512,0.002303935820236802,1.1824932098388672,-0.0010146122658625245,0.0006895245751366019,3.8332951068878174,-0.0025650097522884607,0.00040487246587872505,-3.2768962383270264,0.00023147670435719192,-0.0012705586850643158,3.1070361137390137,6.395599484676495e-05,5.4308580729411915e-05,-2.3035190105438232,8.227773651015013e-05,-0.00016266918100882322,2.6158525943756104,0.00048119938583113253,0.0009162692585960031,-2.4175620079040527,-0.00017788202967494726,0.0016448392998427153,1.6150329113006592,0.0001678318076301366,0.0013583059189841151,-2.947554111480713,0.0010281691793352365,5.734546357416548e-05,4.61149263381958,0.0013873460702598095,0.0004897683393210173
data/train_audio/blujay/XC307817.mp3,0.07046452589668094,84352,-26.154115676879883,-33.72675323486328,6.196451067808084e-06,-1.114166389015736e-05,1544.2888674339158,0.026788767102315883,0.2530024194970295,0.44718846678733826,0.49422791600227356,0.6109853982925415,0.7102677822113037,0.6740888953208923,0.5365349650382996,0.5105106234550476,0.5378683805465698,0.44185009598731995,0.4155375361442566,0.4219155013561249,0.4222244918346405,83.35433467741936,3154.9831349538276,1.1703132390975952,1881.3001790144945,2442.9707566702737,3003.717819599825,-328.1615905761719,-0.036158666014671326,-0.047252848744392395,92.49588775634766,-0.006063417997211218,-0.011770526878535748,-16.8998966217041,0.016414251178503036,0.00040422476013191044,69.6651611328125,-0.003393571125343442,-0.008988725952804089,33.50807189941406,-0.002915084594860673,-0.008475433103740215,17.926849365234375,-0.00025466084480285645,-0.006473364774137735,8.347278594970703,-0.006981721613556147,-0.000672605587169528,15.040189743041992,-0.005481134634464979,0.0002123451849911362,-3.556241273880005,0.011465624906122684,0.0037587883416563272,13.692299842834473,-0.00021802056289743632,-0.005614608060568571,9.219572067260742,-0.012267572805285454,0.0058450596407055855,7.639072418212891,-0.0031231616158038378,0.0002494688960723579,2.1693718433380127,0.007826102897524834,-0.0023971793707460165,2.205402135848999,0.002074283780530095,-0.0017925817519426346,6.394089698791504,0.004887276794761419,0.003364494303241372,8.06765365600586,-0.004238829016685486,0.0005392364109866321,2.162721633911133,-0.0016213339986279607,-0.0028687932062894106,2.608546018600464,0.005921762436628342,-0.0021725622937083244,7.485774993896484,-0.0011313799768686295,-0.0015948888612911105,5.4901323318481445,-0.004717545583844185,0.000876650505233556
data/train_audio/blujay/XC310198.mp3,0.08695212210241965,120591,-69.20985412597656,-80.0,-4.619909930170252e-07,-2.3208189304568805e-05,1796.9600909246262,0.26324576435968455,-0.04400660160863287,0.48934420943260193,0.500087559223175,0.48340097069740295,0.4581353962421417,0.44478553533554077,0.4370422065258026,0.45667383074760437,0.5062706470489502,0.5512384176254272,0.56548011302948,0.5353760123252869,0.49232879281044006,92.28515625,3372.2968843796175,1.0839730501174927,2014.5129747258097,2680.896919251084,3280.7989921130807,-428.0732421875,-0.008144966326653957,0.000650803733151406,112.4698715209961,-0.00915655680000782,0.0005671700346283615,2.033853530883789,-0.006367561873048544,0.0034111947752535343,33.81005096435547,-0.0016755216056481004,0.00029664637986570597,8.457592964172363,-0.0074845883063972,0.0029752140399068594,7.940034866333008,-0.001538980402983725,0.0026904093101620674,-6.03492546081543,0.0004494488821364939,0.0003431808727327734,-2.3005659580230713,-0.0008570667705498636,-0.0003665866097435355,-13.74533748626709,-0.0008222210453823209,-0.000542180088814348,-0.5571580529212952,0.004718385636806488,0.0005334496963769197,-8.586331367492676,0.003968095872551203,-0.0006801782874390483,-7.290771961212158,0.002575468737632036,0.0004929050919599831,-5.825826644897461,0.0020267548970878124,0.0009976328583434224,-0.6896218061447144,-0.000856994476635009,0.002212940016761422,-2.8983705043792725,-0.0003612410509958863,0.00044576264917850494,-3.839198350906372,0.0024580867029726505,-0.0011120418785139918,-6.3622212409973145,0.0021938246209174395,-0.000984873273409903,-5.102331161499023,0.0002939155965577811,-0.0035702763125300407,-4.065288066864014,0.0023686662316322327,-0.0004562928224913776,-4.578317642211914,0.000747639627661556,0.00025813307729549706
data/train_audio/blujay/XC310243.mp3,0.22012806946445726,117440,-79.9649429321289,-80.0,-4.139733000840806e-09,1.1333076344044457e-07,3276.00834450905,1.4231631867022239,0.10371123425395878,0.4913785755634308,0.5163751244544983,0.5246540904045105,0.5235879421234131,0.4720732271671295,0.44552433490753174,0.5550054907798767,0.6310187578201294,0.732451319694519,0.5561027526855469,0.48409005999565125,0.4803178906440735,112.34714673913044,5904.151938490634,1.1304373741149902,2370.4903027644905,2806.704595282004,3208.758375383889,-383.70953369140625,-0.1446966677904129,0.004701719619333744,40.62776184082031,-0.10076362639665604,-0.01588614657521248,-37.198360443115234,0.04282175377011299,0.002248444128781557,-3.591106414794922,0.01628274843096733,0.007459619082510471,-28.201196670532227,0.013537433929741383,0.0010174594353884459,-9.094074249267578,0.0030360547825694084,0.001185877132229507,-13.29852294921875,0.007948662154376507,0.004043940454721451,-0.7935296297073364,0.016824519261717796,-0.0013324730098247528,-15.068373680114746,-0.019317761063575745,-0.002607196569442749,-4.42621374130249,0.015919839963316917,0.00234789471141994,-0.37679335474967957,-0.006812668405473232,0.002598354360088706,-9.206452369689941,0.0014623537426814437,0.0008243313059210777,-10.137246131896973,0.004365241155028343,0.00538600143045187,2.0961403846740723,0.010550213977694511,0.0039703636430203915,-6.22300386428833,0.00448934780433774,0.0017645712941884995,-0.43193623423576355,0.003984599374234676,0.006118146236985922,-5.136064052581787,0.0023456800263375044,-0.0022317608818411827,-4.7668681144714355,-0.005035498645156622,-0.000815212435554713,0.2935677766799927,0.009184453636407852,0.0019373405957594514,2.2382209300994873,0.000647321343421936,-0.002135541522875428
data/train_audio/blujay/XC310840.mp3,0.13949256120971804,71037,-30.95952796936035,-38.27290344238281,2.3936578145367093e-05,1.4362671208800748e-05,3056.1423720112844,0.08686184408206192,0.10741706538318277,0.6690373420715332,0.622944176197052,0.6334183216094971,0.7351704239845276,0.6493949890136719,0.6367666721343994,0.6382170915603638,0.702430248260498,0.8164073824882507,0.698716938495636,0.6338699460029602,0.6409677267074585,129.19921875,6416.439146289653,1.0527682304382324,2819.828079615172,3223.053578152646,3589.8028950960165,-423.53021240234375,0.023296751081943512,-0.06652489304542542,55.68132781982422,-0.0068578338250517845,0.004427103325724602,3.5777738094329834,0.006358747836202383,0.00759150693193078,36.073612213134766,0.0073211295530200005,-0.011973606422543526,-0.8055298924446106,-0.0023401256185024977,-0.00264255004003644,13.451411247253418,-0.0058717746287584305,-0.008687511086463928,3.9762916564941406,-0.004245867021381855,-0.0038495580665767193,12.252908706665039,0.0031477760057896376,0.006670943461358547,4.538846015930176,-0.0013018775498494506,0.003214107593521476,9.013181686401367,-0.002115089213475585,-0.005211852956563234,4.0343499183654785,0.010164004750549793,0.002972495276480913,6.304308891296387,-0.005232527386397123,-0.00043884923798032105,1.2101224660873413,0.0035685354378074408,0.004722849931567907,9.819602012634277,-0.003442633431404829,0.002822573995217681,1.4767346382141113,0.010951478965580463,0.00045854784548282623,7.609554767608643,0.002500815549865365,-0.002292383462190628,1.3737971782684326,-0.00911012850701809,-0.0040017664432525635,4.93320369720459,0.0022793752141296864,-0.00883755274116993,2.3593955039978027,0.0067327735014259815,-0.0009001357830129564,6.907332897186279,0.00561092933639884,0.001245597843080759
data/train_audio/blujay/XC311563.mp3,0.3582424871426081,131734,-79.94429779052734,-80.0,-3.8706737370830524e-08,-4.9798085655083923e-08,4335.68176502306,-0.0358531770326144,-0.1386541095498525,0.37006479501724243,0.4760957658290863,0.5161706209182739,0.4785769283771515,0.4134634733200073,0.41380244493484497,0.4063997268676758,0.5244806408882141,0.6199187636375427,0.5079556703567505,0.42446303367614746,0.3655453026294708,198.76802884615384,7317.760260035303,1.0594319105148315,2469.185736482059,2835.426873394193,3143.6849881065627,-317.2934875488281,0.08206077665090561,-0.045851901173591614,-61.04829788208008,-0.035276319831609726,0.05422166362404823,-97.59779357910156,-0.03956153988838196,0.0518878735601902,-38.12826156616211,-0.040137749165296555,0.04640038311481476,-50.889400482177734,-0.03019125573337078,0.033680204302072525,-37.58700942993164,-0.03527309000492096,0.02553010918200016,-28.650663375854492,-0.027202052995562553,0.030375981703400612,-4.007481575012207,0.003048639977350831,0.014607368037104607,-10.36031436920166,0.003240508260205388,-0.005769740324467421,6.174124240875244,0.0011560155544430017,-0.00503934221342206,2.379253625869751,0.023183604702353477,-0.011020159348845482,5.860754013061523,0.008889446035027504,-0.008046472445130348,4.523367881774902,0.008516330271959305,-0.010855285450816154,7.026334285736084,0.0012073543621227145,-0.0015088062500581145,0.9829610586166382,0.009603645652532578,-0.003601696342229843,7.49898099899292,0.0034035712014883757,-0.007937215268611908,0.5134274363517761,-0.010768214240670204,-0.007918891496956348,2.2396903038024902,-0.012271946296095848,-0.009427689015865326,2.542881488800049,0.004601813852787018,-0.0017069149762392044,5.925080299377441,0.0001249406486749649,0.00028233614284545183
data/train_audio/blujay/XC311958.mp3,0.31598495318140796,45004,-79.75172424316406,-80.0,4.6913917195468e-09,-2.001347709779111e-08,4186.998149844235,-1.9795575414056468,0.9581874570585472,0.4049851894378662,0.3656952679157257,0.35381993651390076,0.38503143191337585,0.4454320967197418,0.46511125564575195,0.43478140234947205,0.5978032350540161,0.6270121335983276,0.6374284029006958,0.5812623500823975,0.44405120611190796,161.4990234375,7322.260777442464,1.0204235315322876,2619.8990892954807,2985.0364536696948,3286.8777237741824,-556.4567260742188,-0.08918403089046478,-0.15623708069324493,-42.36199188232422,0.05162862315773964,0.2012743055820465,-88.46642303466797,-0.04167375713586807,0.17821389436721802,-53.974464416503906,-0.04606211930513382,0.05068739876151085,-62.546817779541016,-0.04340047016739845,0.12624268233776093,-34.87636947631836,-0.002908314112573862,0.09393471479415894,-16.93227195739746,0.012589162215590477,0.046962250024080276,-7.643092155456543,0.030286159366369247,0.027948614209890366,-2.811849594116211,-0.018395688384771347,-0.02065856195986271,14.108153343200684,0.023593058809638023,-0.03092355839908123,1.8519814014434814,-0.04101279750466347,-0.007884812541306019,6.980449199676514,-0.04046410694718361,-0.01807018741965294,5.211678504943848,0.06375702470541,0.01860876753926277,5.855175971984863,0.03534744679927826,0.015838956460356712,-1.0201008319854736,-0.02642064355313778,-0.012644477188587189,3.0822317600250244,0.0011584931053221226,0.008195598609745502,-2.7867929935455322,-0.06176649034023285,-0.04040246084332466,8.56276798248291,0.046765584498643875,-0.060085006058216095,-0.17475128173828125,0.040664900094270706,0.013666173443198204,-0.11653155088424683,-0.06841427087783813,0.015077460557222366
data/train_audio/blujay/XC311959.mp3,0.3350870195129108,73228,-79.92891693115234,-80.0,-1.9603094703057877e-09,1.3629256612190943e-09,4392.618450809842,0.058272538154291155,-0.0888830125907917,0.6021429300308228,0.5617671012878418,0.5738567113876343,0.5442281365394592,0.4989703595638275,0.5102176666259766,0.5299583673477173,0.632491946220398,0.6164607405662537,0.54350745677948,0.5562396049499512,0.5838158130645752,172.265625,7920.4782405369715,0.8375709652900696,2777.541320667743,3094.096017600517,3356.059455385571,-540.4302978515625,0.12845878303050995,-0.16555209457874298,-65.57820892333984,0.02586861327290535,0.08016280084848404,-101.30146789550781,0.03758413344621658,0.0798523798584938,-60.55144119262695,0.04673978313803673,0.0704571083188057,-49.42146301269531,0.0038598557002842426,0.04287268593907356,-21.54639434814453,0.03278599679470062,0.01657942496240139,-7.923810958862305,0.010287047363817692,0.006549536716192961,21.91749382019043,0.000449724611826241,-0.007593528367578983,21.23934555053711,-0.016055891290307045,-0.01743144541978836,22.19257164001465,-0.003266667015850544,-0.019253456965088844,10.901264190673828,-0.01939062587916851,-0.01606597751379013,11.778416633605957,-0.002556632971391082,-0.01953205280005932,-4.458487510681152,0.01600434072315693,-0.011243859305977821,-5.837776184082031,-0.002677214564755559,0.01635492965579033,-12.466586112976074,-0.0009454030077904463,0.013163582421839237,-4.546213150024414,-0.013153651729226112,0.0030597529839724302,-8.583819389343262,-0.0006427944172173738,-0.004655973985791206,1.0527507066726685,0.002897234633564949,0.0145842544734478,-2.2134666442871094,-0.0051061855629086494,-0.006360857747495174,4.39382791519165,0.0018096239073202014,-0.007149463053792715
data/train_audio/blujay/XC313063.mp3,0.0016298965669014084,297,-0.883826732635498,-1.9520050287246704,-0.02915218658745289,-3.146499511785805e-05,824.9683868839279,0.8950325277187693,0.08003103191573929,0.5920164585113525,0.6285012364387512,0.688559889793396,0.6972517967224121,0.6586001515388489,0.6628602147102356,0.6872045993804932,0.6977300643920898,0.6415204405784607,0.6116333603858948,0.6557323932647705,0.7002260684967041,112.34714673913044,1483.4253961267605,1.0131691694259644,1680.8536553759502,2525.4284560027486,3278.649857083103,-424.2682189941406,0.44380655884742737,-0.23258733749389648,136.2466278076172,0.06542164087295532,-0.050991564989089966,1.1997547149658203,0.003644669195637107,0.04847795143723488,2.986055850982666,0.011651849374175072,0.009146089665591717,-4.7779316902160645,-0.028406333178281784,0.01728605292737484,5.171097755432129,0.03732157498598099,-0.0169986505061388,13.751224517822266,-0.001541176694445312,0.00838836096227169,19.855735778808594,-0.0015300266677513719,-0.021608717739582062,3.5429887771606445,-0.015351735055446625,0.009030413813889027,15.321919441223145,-0.03149337321519852,-0.01680607721209526,7.149791717529297,-0.055531252175569534,0.004261304158717394,8.255291938781738,-0.043821677565574646,-0.007242568302899599,3.90151309967041,-0.03073653019964695,0.036736033856868744,12.875348091125488,-0.006952774710953236,-0.008907203562557697,4.070108890533447,0.001749725081026554,0.010940607637166977,9.864920616149902,-0.013989691622555256,0.010954169556498528,6.926416873931885,-0.041482891887426376,0.03328819200396538,6.489920616149902,-0.01389218494296074,0.014009274542331696,0.3133150339126587,-0.030639728531241417,0.0031643693801015615,10.547232627868652,-0.01856333576142788,0.0018488024361431599
data/train_audio/blujay/XC313064.mp3,4.982461734693877e-06,1,-1.1988701820373535,-3.0375711917877197,-0.07553078234195709,-1.478269859944703e-05,779.4986452482582,-1.273021528293346,1.320172763200868,0.7634249925613403,0.8132916688919067,0.8476487994194031,0.895256519317627,0.9242587089538574,0.8928669691085815,0.8850418329238892,0.8767139911651611,0.885289192199707,0.8627718091011047,0.7574529647827148,0.7111521363258362,89.10290948275862,1237.7471923828125,1.044546127319336,1943.138919653761,2823.96602606499,3575.728876991231,-416.16766357421875,0.4987037181854248,-0.04952872171998024,77.64103698730469,0.1265183836221695,-0.009700218215584755,27.336505889892578,-0.001978813437744975,-0.026229212060570717,40.75917053222656,0.03166466951370239,-0.0020385601092129946,11.851675987243652,0.0017713691340759397,0.0024454952217638493,17.24835205078125,0.01161327213048935,0.005219500511884689,11.901358604431152,-0.01699647679924965,-0.002504883334040642,11.600833892822266,-0.0234678965061903,0.008209430612623692,4.572206974029541,-0.04864073172211647,0.008464009501039982,6.991718292236328,-0.0043839747086167336,0.012552214786410332,-0.3304625451564789,-0.029131995514035225,0.023041754961013794,6.580204010009766,-0.01789153181016445,-0.007691443432122469,1.5869038105010986,-0.026364682242274284,-0.01145660225301981,9.472505569458008,-0.010416028089821339,-0.016286414116621017,4.996044158935547,-0.028264649212360382,0.006660133600234985,10.321891784667969,-0.023738378658890724,-0.005392530933022499,1.9555405378341675,-0.03518468886613846,0.0033228318206965923,9.1047945022583,-0.012004127725958824,0.0005958700785413384,5.082892417907715,-0.016488607972860336,0.00647102203220129,2.710798501968384,0.006375042721629143,0.006756216753274202
data/train_audio/blujay/XC315101.mp3,0.26802126516245844,867400,-79.98345947265625,-80.0,-3.813897531124155e-10,6.440444622057839e-08,3550.6556363340815,-0.030761658079053872,0.0037814852850416793,0.37308165431022644,0.3644120991230011,0.47197309136390686,0.46515315771102905,0.4198949337005615,0.451455295085907,0.42787009477615356,0.3886103332042694,0.38806742429733276,0.4225870668888092,0.4079470932483673,0.357399582862854,107.666015625,6049.170006901021,1.1512242555618286,2307.069610289001,2747.1911326842355,3134.109055274345,-330.1715393066406,0.005269061308354139,-0.007386843208223581,9.439458847045898,0.005489269737154245,0.001325941295363009,-70.90015411376953,0.004462218843400478,0.002623136155307293,-18.481449127197266,0.0022363371681421995,0.005634321831166744,-41.660518646240234,0.006960843689739704,0.0022993541788309813,-29.018556594848633,0.0024785890709608793,0.0021688153501600027,-23.0029354095459,-0.001585263991728425,0.0022196888457983732,-2.424081325531006,0.00531860813498497,-0.0010975768091157079,-12.189597129821777,0.0010049858829006553,0.002226182259619236,-1.0157020092010498,0.0003414813836570829,0.0017635972471907735,-5.652491569519043,0.0009644251549616456,0.0005271859117783606,3.1959691047668457,0.0028752705547958612,-0.0014897629152983427,-5.244879722595215,-0.00033488040207885206,0.0009686233825050294,0.7864356637001038,0.0002930019109044224,0.0004495655302889645,-1.2539407014846802,0.0013880496844649315,-0.00044873286969959736,-2.0855464935302734,-0.00201964657753706,0.0005471376935020089,-2.838993549346924,0.0011259984457865357,0.000592741125728935,1.2105666399002075,-0.0006121663609519601,0.00043872094829566777,-3.755892515182495,0.0016445022774860263,0.000941478181630373,0.9403778910636902,-5.48130992683582e-05,-0.0005210015806369483
data/train_audio/blujay/XC32024.mp3,0.35943306587837837,204476,-79.94889068603516,-80.0,1.1969208912887552e-07,-1.1504588570687702e-07,4029.568074564378,-0.8270724950816868,-0.014396760153506103,0.22659222781658173,0.28075742721557617,0.3870947062969208,0.45272397994995117,0.4988298714160919,0.5805731415748596,0.6590097546577454,0.6856380701065063,0.5285753607749939,0.3182966709136963,0.22190941870212555,0.22168177366256714,66.25600961538461,6262.544143264358,1.1323590278625488,2316.5488183130205,2621.6158846412827,2897.147313537392,-326.6390686035156,0.09959215670824051,-0.10199880599975586,16.216678619384766,0.027334580197930336,0.005589091684669256,-28.79209327697754,-0.013213573954999447,0.021459335461258888,3.698293685913086,0.01707080937922001,0.010346075519919395,-54.54703903198242,0.02327333763241768,0.009159267880022526,3.304412603378296,-0.0057113030925393105,0.0030803640838712454,-29.993425369262695,0.012329758144915104,0.014606252312660217,-3.3356053829193115,0.010705777443945408,0.008164701983332634,-19.2349910736084,-0.020677978172898293,0.01417811494320631,-19.673431396484375,0.0178533848375082,0.011677339673042297,2.520646572113037,4.862020887230756e-06,0.007412061560899019,-23.000295639038086,-4.359924059826881e-05,-0.0003148280957248062,-17.22787857055664,0.0022095285821706057,0.0021540734451264143,-6.855596542358398,-0.0007863027276471257,-0.0026027318090200424,-17.769466400146484,-0.004950086120516062,0.0028931982815265656,-8.350916862487793,0.019379936158657074,0.014106910675764084,-12.977383613586426,0.0031726399902254343,0.009660431183874607,-4.922170162200928,-0.005680235568434,0.0017141127027571201,-12.41103458404541,0.007098011672496796,0.006281071808189154,1.209197759628296,-0.007112288847565651,0.0011134209344163537
data/train_audio/blujay/XC321551.mp3,0.30180530120012466,62083,-75.45399475097656,-62.02418899536133,-8.847969024117219e-10,-1.4113580526498026e-08,3872.8687519457003,-0.46067587869698057,-1.1588009300287414,0.4556707441806793,0.5251424312591553,0.5471283197402954,0.5475675463676453,0.4797929525375366,0.4012802243232727,0.38894250988960266,0.4025976061820984,0.5582617521286011,0.5940545201301575,0.46404755115509033,0.42919135093688965,117.45383522727273,6232.063396197008,1.0352046489715576,2209.139530228847,2545.8708336305285,2861.1025246109266,-587.16748046875,0.0013834888814017177,-0.008059154264628887,-34.15813064575195,0.020949214696884155,0.06992238014936447,-99.74911499023438,-0.022651424631476402,0.022090373560786247,-19.126577377319336,-0.0777774453163147,0.01920093223452568,-40.7493896484375,-0.06362831592559814,0.031751085072755814,6.361124038696289,0.017198070883750916,0.003017927287146449,-22.019317626953125,-0.03513206169009209,0.03147208318114281,8.154478073120117,-0.04630054906010628,0.011693654581904411,-1.1801409721374512,0.016738522797822952,0.010478207841515541,-2.6196343898773193,0.021848028525710106,0.010552061721682549,-6.33648681640625,-0.023839537054300308,0.011205386370420456,-1.5934988260269165,0.012208620086312294,-0.020947610959410667,-3.972670316696167,0.030782371759414673,-0.001419983571395278,3.5927250385284424,-0.02014371193945408,0.007003115490078926,-4.270786762237549,-0.0161680206656456,0.009347209706902504,-0.6730819940567017,0.002764980075880885,0.0022684799041599035,-7.208535671234131,0.009312381967902184,0.0034268652088940144,1.9097169637680054,0.01026862021535635,0.005226974841207266,-5.338549613952637,0.018832378089427948,-0.0005823501851409674,-0.8064401745796204,0.017701301723718643,-0.011268139816820621
data/train_audio/blujay/XC321552.mp3,0.42423120281040266,64863,-75.03697967529297,-57.70574188232422,-3.181086949410883e-09,-7.779879851455007e-09,4754.466706563451,-0.25555156495655384,-0.214371181745862,0.377396821975708,0.41079068183898926,0.4757770895957947,0.5550679564476013,0.6738704442977905,0.5728122591972351,0.558021068572998,0.5486018657684326,0.49454134702682495,0.4508723318576813,0.36284539103507996,0.3339802920818329,135.99917763157896,6928.813918964975,1.033176302909851,2180.3948453008798,2513.205104370822,2788.184349263435,-577.4695434570312,-0.0923987627029419,0.01996057666838169,-63.70929718017578,0.08437450975179672,0.01174700353294611,-70.34600830078125,0.04808622598648071,0.007101796567440033,-4.286226272583008,0.0035011048894375563,0.010440563783049583,-40.407283782958984,-0.022378886118531227,0.015904951840639114,1.6589372158050537,-0.06750714778900146,-0.03157828748226166,-26.59521484375,-0.033156976103782654,-0.0253513865172863,2.6101317405700684,0.015185602940618992,0.004045553971081972,-10.779759407043457,-0.05592645704746246,-0.0022017282899469137,-5.91082239151001,-0.0282985121011734,-0.01389161217957735,-4.469989776611328,0.018490195274353027,-0.010126904584467411,-3.7583134174346924,0.028626877814531326,-0.004907249938696623,-3.0894649028778076,0.018760979175567627,-0.009860312566161156,-0.41780054569244385,-0.01402186881750822,-0.016149649396538734,-7.041711807250977,0.014440805651247501,-0.010705961845815182,-1.3976380825042725,0.01470434945076704,0.0016592772444710135,-6.118148326873779,-0.006697830744087696,-0.013307863846421242,2.521270513534546,-0.013456427492201328,-0.015757447108626366,-1.8115484714508057,0.008349335752427578,-0.004148966632783413,1.260520339012146,0.01535539049655199,0.010554136708378792
data/train_audio/blujay/XC321638.mp3,0.39822227597687937,377272,-79.99346923828125,-80.0,-2.276753718888358e-07,-6.788060886719904e-07,4834.7469240896135,0.7568948399735355,0.09270433872050719,0.3590393662452698,0.3429701328277588,0.3779347836971283,0.4477969706058502,0.47454339265823364,0.5153355598449707,0.5172528028488159,0.4986475110054016,0.5673472881317139,0.5822926759719849,0.4214309751987457,0.3939066529273987,112.34714673913044,7287.294784554151,1.1773430109024048,2211.037148331326,2540.5730379670717,2821.4603096662486,-443.09478759765625,0.0021436577662825584,-0.061019450426101685,-72.98060607910156,-0.01793264038860798,0.016662539914250374,-70.48517608642578,0.016319282352924347,0.026233568787574768,-9.878942489624023,0.003308651503175497,0.01180386170744896,-26.49527359008789,-0.0004417177988216281,0.0033810429740697145,20.888051986694336,0.004190512467175722,0.002816398162394762,-9.877355575561523,-0.011180881410837173,-0.0018376819789409637,16.334924697875977,0.014849554747343063,0.002437849994748831,-8.982015609741211,-0.005180214531719685,-0.004261842463165522,1.0926506519317627,-0.0007721891743130982,-0.0011345549719408154,-7.447154521942139,-0.006266652140766382,0.005249909590929747,-1.5097554922103882,-0.005900382995605469,-0.004166850820183754,-3.8755414485931396,5.248458182904869e-05,0.000870070478413254,-0.7040303349494934,-0.0032469197176396847,-0.0008337526815012097,-3.796586513519287,0.0028481788467615843,0.0034665055572986603,-2.901700496673584,0.0033286293037235737,-0.0002875858044717461,-2.3687350749969482,0.0030735633336007595,0.002546518575400114,0.8332937359809875,-0.0024098840076476336,-0.00010810935054905713,-0.11949389427900314,-0.006601845379918814,0.0002187483332818374,0.15132077038288116,-0.0006797387031838298,-0.0015169569524005055
data/train_audio/blujay/XC325696.mp3,0.08505557556312206,83195,-44.71426773071289,-42.70355987548828,-3.849841596093029e-05,-0.00017487308650743216,2038.9204567990957,-1.4401689464273586,0.052509890868985366,0.5724315047264099,0.5478262901306152,0.551717221736908,0.5741095542907715,0.5866801142692566,0.593498170375824,0.6001904010772705,0.6554628014564514,0.6641034483909607,0.6524673104286194,0.5759050846099854,0.5655534863471985,92.28515625,4196.402807220731,1.2626700401306152,2335.2808729016488,2985.6370120465203,3554.0778936098395,-253.8308563232422,0.01637140102684498,-0.02451873943209648,70.74440002441406,0.034974604845047,0.0012271684827283025,10.342172622680664,0.018954483792185783,0.00588549068197608,40.03995132446289,0.022739138454198837,-0.0038253632374107838,24.004940032958984,0.008198131807148457,-0.0009034122340381145,19.89625358581543,0.00870185624808073,0.0013069220585748553,17.36790657043457,0.009525480680167675,-0.0011014952324330807,19.82573127746582,0.001568085397593677,-0.00466528395190835,7.537304878234863,0.0050238873809576035,-0.0029687362257391214,15.940338134765625,-0.00013526988914236426,0.002867785282433033,6.655411243438721,0.00807309802621603,0.0016575116897001863,5.669118881225586,0.0026439898647367954,-0.0004197520902380347,-0.8871713876724243,-0.00021365801512729377,-0.001138373976573348,9.622910499572754,0.000297599850455299,0.0005294812144711614,0.8481091260910034,-0.0014683776535093784,0.0009502993780188262,6.162053108215332,0.0033551675733178854,-0.0014259631279855967,1.2378181219100952,0.002920819679275155,-0.0011000426020473242,4.445821285247803,0.0011164630996063352,0.0008959945407696068,2.1116292476654053,0.0013011909322813153,0.0009926375932991505,5.397770404815674,0.0013055711751803756,-0.005398367531597614
data/train_audio/blujay/XC331890.mp3,0.314296648769305,41811,-80.0,-80.0,4.916113627295715e-10,6.325961976472172e-08,3638.9002246673103,1.8191682455678613,-2.1912729405441,0.4193110764026642,0.5096083879470825,0.5418386459350586,0.3241232633590698,0.2844366133213043,0.3197162449359894,0.4304035007953644,0.531611442565918,0.41271236538887024,0.3672766387462616,0.38478487730026245,0.46397772431373596,129.19921875,5179.442039695946,1.1129734516143799,1705.335822955611,2098.7332681856496,2468.7151912634545,-252.30348205566406,-0.1618994027376175,-0.39222821593284607,-8.77225399017334,-0.031782250851392746,0.03888831287622452,-98.33267974853516,0.16394664347171783,0.10621505975723267,19.588043212890625,0.004498102702200413,0.006210660561919212,-45.4256591796875,-0.014604141004383564,0.13803234696388245,-0.7885735034942627,0.016472257673740387,-0.07976594567298889,-13.073246955871582,-0.014599472284317017,0.11509072780609131,-10.36502456665039,0.009728459641337395,-0.028976023197174072,-8.994769096374512,0.025739161297678947,-0.022515617311000824,-3.8977856636047363,-0.014354060404002666,0.0558696910738945,-6.668957233428955,0.018819985911250114,-0.06597679108381271,-2.0976476669311523,0.011284084059298038,0.03487865999341011,-6.852160930633545,-0.02426312491297722,-0.015187092125415802,-3.1015584468841553,0.002890651347115636,-0.0012647995026782155,-5.088459014892578,-0.013728903606534004,-0.010304066352546215,2.3085172176361084,-0.008419600315392017,-0.014443308115005493,-4.738207817077637,0.0038981749676167965,0.0005049341707490385,-2.12943959236145,0.010456486605107784,-0.034928664565086365,-5.180022239685059,-0.029645273461937904,0.01773320510983467,3.8860042095184326,-0.021510496735572815,0.004904747009277344
data/train_audio/blujay/XC332243.mp3,0.25332170499457535,209428,-50.41456985473633,-76.6715087890625,2.091080204991158e-06,7.4925546869053505e-06,3623.8811937565224,0.45102972011125253,-0.06803044080205699,0.4621204435825348,0.5647812485694885,0.7239044308662415,0.6829303503036499,0.5727837085723877,0.5608981251716614,0.49709635972976685,0.4677668809890747,0.4544755816459656,0.49847155809402466,0.6175321936607361,0.5114872455596924,89.10290948275862,6761.7995752286115,1.0252941846847534,2768.5078531089343,3123.2716405548867,3433.141656418745,-292.35845947265625,0.00941298808902502,-0.029806209728121758,47.129310607910156,-0.016914628446102142,0.0027650264091789722,8.767646789550781,-0.003957862034440041,0.0001479187048971653,31.08979606628418,0.00287491362541914,0.0005814206087961793,-14.367405891418457,0.007151004858314991,0.0020002489909529686,16.987640380859375,0.009290887042880058,-0.004011802840977907,-2.176323652267456,0.006365738343447447,-0.0011588672641664743,1.4536231756210327,0.010859622620046139,0.0021654816810041666,8.565415382385254,0.005644260905683041,-0.0004192888445686549,0.42312008142471313,0.0015407779719680548,-0.0007186290458776057,-2.272451162338257,-0.0021920697763562202,-0.003292369656264782,4.499907493591309,-0.005809686612337828,-0.0038721864111721516,-9.049774169921875,-0.01174577884376049,-0.0005330962012521923,7.298719882965088,0.004288486670702696,-0.0037066538352519274,-5.291244983673096,0.004119303543120623,0.00016334274550899863,-1.9231804609298706,0.0022599934600293636,-0.0016433264827355742,-1.231687068939209,0.0015288598369807005,-0.0011591598158702254,-0.5264418721199036,-0.002951292786747217,0.004180395510047674,-4.370009422302246,0.00292063201777637,-0.0025159127544611692,-1.22542405128479,-0.003181832144036889,7.936153269838542e-05
data/train_audio/blujay/XC342555.mp3,0.17489064754689754,62122,-79.9806900024414,-80.0,1.1709223812772507e-08,1.1868378280155412e-08,2641.442885201757,1.047351246325773,0.4060822803880625,0.3947189450263977,0.3990556001663208,0.39989736676216125,0.4074324667453766,0.39198872447013855,0.4621637165546417,0.5947027802467346,0.5191448926925659,0.4338526725769043,0.4818708896636963,0.5117209553718567,0.47692033648490906,75.99954044117646,4068.936434659091,1.2710323333740234,1854.0584816246242,2473.5521601676332,3023.369021498041,-339.1530456542969,0.03459066152572632,0.04056842625141144,39.52304458618164,-0.056384142488241196,-0.021270986646413803,-82.29740905761719,-0.0002271726552862674,0.005546122789382935,-35.490882873535156,0.07064059376716614,0.01811566762626171,-44.16753005981445,-6.874711834825575e-05,-0.004581327084451914,-20.375513076782227,-0.006643848493695259,-0.0025810289662331343,-3.9780640602111816,0.02436688169836998,-0.006418935488909483,-6.997984886169434,0.0076494175009429455,0.01348481047898531,-19.83439826965332,-0.017960382625460625,0.008834274485707283,4.799859523773193,0.01436686236411333,0.006108132656663656,-8.715435028076172,0.002636717399582267,0.009250652976334095,-8.692161560058594,-0.0007064896635711193,0.012808374129235744,-6.722334861755371,0.0030008566100150347,0.00802110880613327,-5.430878162384033,0.0171000175178051,0.009011366404592991,-4.852477550506592,0.004843968898057938,0.008013894781470299,-2.7667925357818604,-0.004788006655871868,0.00015156454173848033,-8.21940803527832,0.012832745909690857,-0.002276692306622863,-3.2316880226135254,0.006710205227136612,-0.0007558677461929619,-2.3687849044799805,-0.00490882433950901,-0.0028163103852421045,4.813849449157715,0.012804906815290451,-0.001741766114719212
data/train_audio/blujay/XC346014.mp3,0.10345302483974358,2101,-22.99003791809082,-44.56303787231445,-0.000406488572480157,0.00014941698464099318,1856.3752017356314,0.9594255929122685,-4.108230763656431,0.4669649600982666,0.332786500453949,0.35544171929359436,0.35412582755088806,0.3907078802585602,0.5336623191833496,0.6309220194816589,0.6165547370910645,0.6956723928451538,0.49359023571014404,0.4942217469215393,0.5229179263114929,107.666015625,3307.831280048077,0.9432043433189392,2053.506949823037,2727.9737174048214,3334.0400528522455,-221.1875457763672,0.33600860834121704,-0.5847123265266418,119.41719055175781,-0.023336753249168396,0.09301780164241791,-26.52007293701172,-0.39848238229751587,0.6476237177848816,9.42107105255127,-0.11835159361362457,0.2749464213848114,16.065134048461914,0.4104972779750824,-0.305205374956131,20.072370529174805,0.259528785943985,-0.18080265820026398,-16.05250358581543,-0.24500876665115356,0.20431451499462128,-5.870361328125,-0.36526620388031006,0.17945674061775208,-1.575587511062622,0.20930559933185577,0.08163730055093765,7.475741863250732,0.39147019386291504,-0.03172624856233597,-7.221189975738525,0.16168580949306488,-0.03926539421081543,-0.795823335647583,-0.06850850582122803,-0.024365680292248726,-9.06425952911377,-0.2800304591655731,0.009675691835582256,-4.142711162567139,-0.15455955266952515,0.087845079600811,-7.24037504196167,-0.09917475283145905,-0.049347393214702606,0.7736173868179321,0.032757893204689026,-0.2833734452724457,-4.257557392120361,0.0106331342831254,-0.11704395711421967,0.8112257122993469,-0.07620283216238022,-0.012821109034121037,-4.171962261199951,0.20057524740695953,0.09146542102098465,-1.0063810348510742,0.1596526950597763,-0.10954009741544724
data/train_audio/blujay/XC346022.mp3,0.29762765452348067,27702,-44.3301887512207,-57.243186950683594,-3.1275153560272884e-06,-2.4976605345727876e-05,3778.4070314403343,-2.054159000086081,-3.3404945423443744,0.37320026755332947,0.5032601356506348,0.4681665301322937,0.42370378971099854,0.4510609209537506,0.40176430344581604,0.4172315299510956,0.4445349872112274,0.49990418553352356,0.5387232899665833,0.5081853866577148,0.41361188888549805,143.5546875,6874.921227555249,1.1642670631408691,2704.602625848151,3055.024861682599,3353.6838127176156,-372.7445068359375,0.04129209741950035,-0.11535502970218658,47.39822006225586,0.036273714154958725,0.12147971242666245,-3.211477279663086,0.017210394144058228,0.015399192459881306,18.858734130859375,0.18209604918956757,-0.08561155200004578,-12.798794746398926,-0.07179035991430283,0.12526683509349823,10.275799751281738,0.010102730244398117,-0.10762965679168701,-8.5319242477417,0.11403552442789078,0.020636411383748055,6.237745761871338,-0.0963023453950882,0.06138620153069496,-4.593165874481201,-0.0011487507726997137,-0.04697411507368088,2.590745210647583,0.061376940459012985,0.07214652001857758,-6.871211051940918,-0.07378005236387253,-0.01027042418718338,-0.24173492193222046,0.0620657354593277,-0.006486821454018354,-1.7271074056625366,0.006789810955524445,0.03161871060729027,-2.2703986167907715,-0.08678368479013443,-0.043987542390823364,-4.261742115020752,0.002962496131658554,-0.0005158798303455114,1.7717781066894531,-0.020398985594511032,-0.011361281387507915,-3.965837240219116,-0.00947753805667162,-0.002493840642273426,0.13152197003364563,0.0069375354796648026,0.013758459128439426,-2.2486493587493896,0.02009185589849949,-0.02039865404367447,1.1690654754638672,-0.01669429987668991,0.02677926979959011
data/train_audio/blujay/XC351864.mp3,0.11335957497866894,34085,-58.7802619934082,-72.27261352539062,6.29996122825105e-07,4.957878991262987e-05,1823.6601876693185,0.288173148353472,1.304347101287712,0.5428009033203125,0.5578343272209167,0.5195655226707458,0.44634291529655457,0.5275121927261353,0.5836765170097351,0.5792999863624573,0.6020104885101318,0.6284283995628357,0.6267542243003845,0.6115555167198181,0.5702793002128601,107.666015625,3974.915384025704,1.0085073709487915,2047.7597643619422,2625.4999866206213,3170.7685730240864,-285.8119812011719,-0.2166755050420761,-0.1874621957540512,135.2375946044922,-0.11562775820493698,-0.09913673996925354,3.4908199310302734,0.04587080702185631,-0.010167491622269154,7.506980895996094,0.06108938157558441,-0.006160989869385958,-40.25947189331055,0.08819439262151718,0.018863391131162643,18.658905029296875,-0.010765450075268745,-0.01804516837000847,-1.8594279289245605,-0.0003747728478629142,-0.015738632529973984,-3.128873825073242,0.014861660078167915,0.0037274197675287724,13.892613410949707,-0.019035572186112404,-0.01083487831056118,1.2854070663452148,-0.008234590291976929,0.004093001130968332,-8.862336158752441,0.00017268869851250201,0.011953897774219513,-5.200285911560059,0.008112163282930851,0.006532344967126846,1.8160436153411865,-0.02497902326285839,0.0001122324974858202,-0.15815399587154388,-0.019387137144804,0.006231468170881271,-12.3696870803833,-0.006980259902775288,0.009735637344419956,3.0457687377929688,-0.008735795505344868,0.002694082912057638,-5.020099639892578,0.012448635883629322,-0.008010872639715672,-1.5822383165359497,0.004791100509464741,-0.003847923595458269,-7.662652015686035,-0.0066625820472836494,0.007905518636107445,9.232654571533203,-0.00723244808614254,0.00015813580830581486
data/train_audio/blujay/XC354344.mp3,0.06535441884881422,8556,-20.26292610168457,-35.773277282714844,7.735700637567788e-05,1.1660162272164598e-05,1879.0452064247602,-4.308690566682736,2.5554619821897346,0.651696503162384,0.6241723895072937,0.6261040568351746,0.7009854316711426,0.692155122756958,0.6279741525650024,0.5527414083480835,0.5382397174835205,0.53331458568573,0.5687708258628845,0.6785512566566467,0.6841986179351807,151.99908088235293,4321.747911777421,1.057508945465088,2438.302858270677,3068.3022577562638,3644.7378440082075,-320.1583557128906,0.19456888735294342,-0.233825221657753,90.7387466430664,0.05616661533713341,-0.03492702916264534,4.1454644203186035,0.08292612433433533,0.011747241951525211,28.900409698486328,0.0710410475730896,-0.03999380022287369,5.841977119445801,-0.010586930438876152,-0.022090716287493706,15.658626556396484,0.026964817196130753,-0.02038130909204483,3.2054762840270996,0.12684889137744904,0.005894412286579609,12.394559860229492,-0.027994411066174507,-0.06391265243291855,9.243903160095215,-0.02249356545507908,-0.011983943171799183,5.899491310119629,0.03220425918698311,-0.018730144947767258,9.790278434753418,0.04886266961693764,0.005438024178147316,14.710573196411133,0.0006330145406536758,-0.007323442026972771,7.538451194763184,-0.04325282946228981,-0.010062829591333866,7.380737781524658,0.023127423599362373,-0.02805371582508087,7.0211310386657715,-0.03841521590948105,-0.0166225116699934,7.622498989105225,-0.003796564182266593,6.202087388373911e-05,1.957900881767273,0.020188579335808754,0.005600534379482269,3.5576958656311035,0.024170540273189545,0.013906514272093773,0.903653621673584,0.00110702367965132,0.012101123109459877,3.073960542678833,-0.02719481848180294,0.0022261962294578552
data/train_audio/blujay/XC356764.mp3,0.2764330667162698,35770,-55.83452606201172,-61.327796936035156,7.062997724460729e-07,8.594359314884059e-06,3509.4245924182437,6.420716844512375,6.0717442220271645,0.25255197286605835,0.25629523396492004,0.27089962363243103,0.5087772607803345,0.44904133677482605,0.27015867829322815,0.3119589686393738,0.5520499348640442,0.7687421441078186,0.5848425030708313,0.3176194429397583,0.25417840480804443,123.046875,6433.72802734375,1.1967650651931763,2463.8208614542264,2840.0163545474843,3166.555950712881,-264.62371826171875,-0.7368223667144775,-0.879156768321991,43.91320037841797,0.02551591955125332,-0.14867019653320312,-16.041597366333008,-0.022202076390385628,-0.005357407499104738,32.32733917236328,-0.22092171013355255,-0.015506883151829243,-15.446040153503418,-0.027119426056742668,0.012005728669464588,12.771328926086426,-0.030199093744158745,-0.04551544785499573,9.486080169677734,-0.08006796985864639,0.0017882287502288818,16.46940803527832,-0.1129491925239563,0.02087978646159172,-13.537060737609863,-0.05450652167201042,0.03785092383623123,18.571569442749023,-0.04110769182443619,-0.01587810181081295,0.897363543510437,-0.0855574756860733,0.0029689716175198555,-4.592624187469482,0.03952379524707794,-0.040599241852760315,-4.867244243621826,-0.04221517965197563,0.007191728800535202,10.351451873779297,-0.016165751963853836,-0.014468357898294926,0.6033474206924438,-0.03113127499818802,0.005193578545004129,3.77103590965271,-0.05876816809177399,0.007466140203177929,-9.092331886291504,0.07408112287521362,0.0206320621073246,5.872147083282471,0.002570562995970249,-0.004302716348320246,5.210535526275635,0.04507436230778694,0.006715110503137112,-3.704709529876709,0.022795241326093674,0.01625313051044941
data/train_audio/blujay/XC357977.mp3,0.2015128788428074,89032,-78.7840576171875,-80.0,-2.0498789332634715e-09,-3.819593086262785e-09,3517.4201471463016,-1.1200145267713033,0.36757842599885215,0.6929186582565308,0.6210262775421143,0.590925931930542,0.5834664106369019,0.6037167310714722,0.5406014919281006,0.457145094871521,0.43966904282569885,0.5364577174186707,0.5844027996063232,0.6594008803367615,0.725032389163971,107.666015625,7026.818762688515,0.8826528787612915,2747.0433346120003,3154.85921339589,3523.8598350212283,-453.921630859375,-0.03196730464696884,-0.1683356761932373,-50.915611267089844,0.01500136312097311,0.013980554416775703,-131.07086181640625,-0.0189184732735157,0.05748049169778824,-102.55396270751953,0.006768277380615473,0.030041957274079323,-68.80967712402344,0.03543926402926445,0.024646954610943794,-19.408479690551758,0.0065107811242341995,0.004857830703258514,-10.67689037322998,-0.0057507846504449844,-0.0025127283297479153,-0.3168797791004181,-0.0060680825263261795,-0.010969762690365314,-2.810175895690918,-0.002005175920203328,-0.011691436171531677,6.178053855895996,-0.008955133147537708,-0.012821908108890057,-0.3415215015411377,-0.011398257687687874,-7.385700155282393e-05,3.5456151962280273,-0.006566144526004791,-0.000726543425116688,-0.14897958934307098,0.0011085810838267207,0.005298767238855362,6.057492733001709,0.002752402564510703,0.0014870436862111092,1.4796589612960815,0.004118283279240131,0.00043887688661925495,7.374273777008057,-0.0016181551618501544,-6.374889926519245e-05,-0.6817529201507568,-0.0007824546773917973,0.0048597585409879684,2.9122588634490967,0.0011280251201242208,-0.0002832346362993121,-0.9128941893577576,0.00224929116666317,0.0031010236125439405,2.792501926422119,0.0016584102995693684,0.0007898663752712309
data/train_audio/blujay/XC370249.mp3,0.09697357904940428,120994,-25.87327766418457,-43.8740119934082,-3.659498179331422e-05,7.763977009744849e-06,2461.1625670529506,1.0936089812328458,0.07335334321673317,0.6509923338890076,0.5804497599601746,0.5700551271438599,0.5574537515640259,0.5483942627906799,0.5862753987312317,0.6347781419754028,0.6649503707885742,0.5898772478103638,0.5820584297180176,0.5805055499076843,0.6312398314476013,117.45383522727273,5102.524267618247,1.0227693319320679,2378.357185983646,2754.8265850518437,3127.0467622127862,-243.44979858398438,-0.04639945924282074,0.00047409837134182453,54.57065963745117,-0.044887419790029526,-0.0017650127410888672,-9.197432518005371,-0.004812947474420071,0.004248128272593021,64.12850952148438,0.023790372535586357,0.0002828381839208305,-5.995527267456055,-0.02118004485964775,0.004184561315923929,21.862152099609375,0.012997983954846859,-0.006482988595962524,8.826200485229492,-0.005452449433505535,-0.0014951621415093541,15.969924926757812,-0.002618140075355768,-0.007265510968863964,3.7003509998321533,0.0011898407246917486,0.0004900957574136555,15.092575073242188,-0.0007850992842577398,-0.00439505884423852,7.860278606414795,-0.0012837606482207775,-0.003101194277405739,9.792022705078125,-0.0003842308360617608,0.0009514660341665149,6.984619617462158,0.013539311476051807,-0.003984971437603235,11.015602111816406,-0.0060449037700891495,0.002080619102343917,7.077637195587158,0.006787736434489489,-0.0029022132512181997,7.803081035614014,-0.001831135363318026,0.0019482711795717478,6.7351789474487305,-0.007081189192831516,-0.0010816454887390137,3.463679313659668,0.006260975264012814,-0.001755364122800529,3.556806802749634,-0.0006699712830595672,-0.0010854811407625675,6.5609869956970215,-0.002644345397129655,-0.00231645698659122
data/train_audio/blujay/XC381585.mp3,0.15566037735849056,33870,-80.0,-80.0,-3.369198697811271e-09,-5.927329027599626e-08,2238.307938571557,0.10325405666907372,-0.11637219596385218,0.6857656836509705,0.6723599433898926,0.580427348613739,0.5578873753547668,0.5717046856880188,0.566570520401001,0.6236266493797302,0.582747757434845,0.5589624643325806,0.5380862355232239,0.6209164261817932,0.7539118528366089,129.19921875,3684.767813052771,0.9477797746658325,1688.899277987894,2221.6187748798516,2749.6986044456426,-223.55776977539062,0.08635862916707993,-0.26930171251296997,43.625160217285156,-0.0004944306565448642,0.029334625229239464,-140.13571166992188,-0.01175917312502861,0.03490852564573288,-56.03914260864258,0.02397938072681427,0.0349721685051918,-73.77945709228516,-0.0005674317362718284,0.026919517666101456,-37.23564910888672,-0.0029699711594730616,0.012910019606351852,-41.331581115722656,-0.02109435759484768,0.026377731934189796,-20.42793083190918,-0.02478213422000408,0.004437839612364769,-23.063791275024414,-0.01899738609790802,0.02740863896906376,-11.171381950378418,-0.025836575776338577,-0.00648010428994894,-13.727882385253906,-0.014360589906573296,0.0235199686139822,-2.230563163757324,-3.619464041548781e-05,0.0010421405313536525,-5.8670573234558105,-0.005736551247537136,0.009431867860257626,1.0435256958007812,-0.007921149022877216,-0.0027734774630516768,-2.6941678524017334,0.01572483405470848,0.017113735899329185,1.741532564163208,0.01546062994748354,-0.01386974286288023,-1.3333648443222046,0.01515801902860403,0.0008429596782661974,4.2664361000061035,0.008622751571238041,-0.0109225669875741,-3.7472805976867676,-0.021777085959911346,-0.004778684116899967,4.842904090881348,0.007772197015583515,-0.019545692950487137
data/train_audio/blujay/XC381588.mp3,0.14752933896821122,35120,-79.831298828125,-80.0,2.468715543102462e-08,-5.234691116129397e-07,2289.678731187615,-0.20625800927583174,0.01533243844788642,0.6386147737503052,0.636721134185791,0.5770421028137207,0.5254920721054077,0.5433816909790039,0.523201584815979,0.482710599899292,0.5298171043395996,0.5563163757324219,0.6086982488632202,0.6144452691078186,0.6113870739936829,184.5703125,3852.4942332300648,1.0023151636123657,1874.8209803187888,2461.6126415029303,3012.55198630341,-245.20343017578125,0.0142616406083107,-0.2091919481754303,45.45330047607422,-0.012327317148447037,-0.0023583071306347847,-121.00203704833984,-0.0241067074239254,0.05865539610385895,-60.42937469482422,-0.004251120612025261,0.006767760496586561,-64.64611053466797,-0.010861939750611782,0.029985133558511734,-35.56304168701172,-0.011341127566993237,0.002333385171368718,-36.544593811035156,0.009906181134283543,0.02778712287545204,-15.154293060302734,0.01578362099826336,0.011585179716348648,-18.788511276245117,0.020870517939329147,0.02208610251545906,-6.733093738555908,0.010217615403234959,-0.0004642122657969594,-10.33704662322998,0.013649320229887962,0.006496651563793421,0.5784366130828857,-0.0011242730543017387,0.0049205138348042965,-4.5191450119018555,-0.013584017753601074,0.011731665581464767,3.4145398139953613,-0.012902671471238136,0.003968761768192053,-1.351109266281128,-0.01874985359609127,0.004172413609921932,3.207726240158081,0.023454030975699425,-0.007736205123364925,-3.348170757293701,0.017669811844825745,-0.004061666317284107,1.9139304161071777,0.01129242219030857,-0.00955066829919815,-3.878990650177002,-0.002567456802353263,-0.006911796052008867,0.11933109164237976,-0.005973658058792353,-0.007103843614459038
data/train_audio/blujay/XC381591.mp3,0.15013439820544555,116574,-79.98114013671875,-80.0,1.3407047916302872e-08,3.948286320110128e-08,2176.034411652246,-0.13655649876127524,0.06571022961441797,0.5580410361289978,0.5504568815231323,0.5452481508255005,0.5377358198165894,0.5407972931861877,0.5082994699478149,0.5125199556350708,0.5699095129966736,0.5913137793540955,0.6340322494506836,0.6342060565948486,0.5844027996063232,215.33203125,3480.3057317450493,0.9612080454826355,1641.4245303677776,2197.304501236805,2744.137362820959,-249.2779083251953,0.029018115252256393,-0.0002352056762902066,60.207950592041016,0.020212532952427864,0.00036298605846241117,-124.25035095214844,0.004592868499457836,0.006317881401628256,-46.87392807006836,0.007893487811088562,0.004563752096146345,-64.03679656982422,0.010086414404213428,0.011120863258838654,-32.02488327026367,0.008086059242486954,0.008530980907380581,-28.739011764526367,-0.00030294645694084466,0.007105022203177214,-13.86626148223877,0.0042745694518089294,0.006550331134349108,-14.029653549194336,0.0035931095480918884,0.0073415013030171394,-3.0960304737091064,-0.0007112185121513903,0.004309383686631918,-5.574328422546387,0.004026010166853666,-2.581491025921423e-05,0.8715564608573914,0.002104774583131075,-0.000286099617369473,-1.9632354974746704,-0.0015124938217923045,-2.1037174519733526e-05,3.77823805809021,-0.0015638177283108234,0.0018740390660241246,0.6337713599205017,-0.01076780166476965,0.001082635368220508,3.843691349029541,-0.0038789904210716486,0.004332146607339382,-0.8569303750991821,0.003452371573075652,-0.0003384891606401652,2.782036304473877,-0.003886061953380704,-0.00037844423786737025,-0.4983142912387848,-0.006085519678890705,0.005056074820458889,1.4211559295654297,-0.005238974932581186,0.002109566470608115
data/train_audio/blujay/XC382347.mp3,0.07111533522906172,57900,-37.33544158935547,-42.38213348388672,3.0399860406760126e-05,-2.7756303097703494e-05,1776.5195211444923,-0.0002273649006641222,-0.03965334250947147,0.5311229228973389,0.48319128155708313,0.4833143353462219,0.4908384084701538,0.5539636015892029,0.5689154267311096,0.578040599822998,0.6468296647071838,0.5853461623191833,0.5651130080223083,0.6096507906913757,0.586513876914978,151.99908088235293,3794.081234871891,1.0775822401046753,2381.9746299083563,3070.946549477768,3681.3328801371767,-260.5360412597656,0.03433448076248169,-0.03873423486948013,95.38082122802734,0.004608651623129845,-0.0008327315445058048,20.586469650268555,-0.0015901810256764293,0.004723741207271814,41.13654327392578,0.0043835723772645,-0.005424038507044315,15.845332145690918,0.00476800324395299,-0.003980136476457119,14.944289207458496,0.007077210582792759,-0.0038179694674909115,22.3963565826416,0.005239245947450399,0.0030517596751451492,18.46343231201172,0.004856902174651623,-0.0024708816781640053,2.0275397300720215,9.81371704256162e-05,-0.00019321618310641497,13.831552505493164,-0.0033742222003638744,0.0009237690246663988,13.016444206237793,-0.00855749286711216,-0.001874794834293425,3.7155306339263916,-0.007009586784988642,-0.0011702242773026228,2.393620729446411,-0.0059688156470656395,-0.0029761004261672497,6.357002258300781,-0.00690174475312233,-0.003331329207867384,0.5837429165840149,-0.0009598131291568279,-0.004052348434925079,0.5193885564804077,0.003675851272419095,0.0017237580614164472,-2.8606066703796387,0.003597136354073882,0.0028937747702002525,2.2893197536468506,0.002985424594953656,-0.0024615165311843157,-5.922983169555664,0.0001900015922728926,-0.002725467784330249,6.03904390335083,0.0036140293814241886,-0.003964385483413935
data/train_audio/blujay/XC382356.mp3,0.05253277421173947,272938,-38.59342575073242,-42.95859146118164,2.400287030468462e-06,-2.6377733775007073e-06,1452.210319193315,0.01595441695200602,-0.03799200359030196,0.6073570847511292,0.5576661229133606,0.5487475395202637,0.5654562711715698,0.5667069554328918,0.5922695994377136,0.586744487285614,0.577055037021637,0.5438834428787231,0.5374809503555298,0.5691320896148682,0.6295226812362671,112.34714673913044,2844.777985868011,1.026349663734436,2184.053350187912,2983.4727763660026,3679.5058505983725,-280.21954345703125,0.006117415614426136,-0.009706917218863964,110.25775146484375,-0.00020064532873220742,0.0005128717748448253,17.924518585205078,-0.00014388417184818536,0.0010573809267953038,32.971107482910156,0.002568937372416258,-0.0016932412981987,17.436147689819336,-0.0015798569656908512,0.000576613936573267,14.016321182250977,-0.00012475260882638395,0.00033238803735002875,22.060651779174805,0.0005627183709293604,-0.00078250264050439,15.614861488342285,0.00041088604484684765,0.0001855214941315353,8.600157737731934,-0.0010575251653790474,0.00017145999299827963,12.012028694152832,0.0013003941858187318,0.00021328830916900188,16.627601623535156,0.0004707615589722991,-0.000511311402078718,5.5133891105651855,-0.0010853507556021214,-0.0004911781870760024,5.983885288238525,-0.0006469115614891052,0.0003397691179998219,5.676182746887207,0.0008721061749383807,0.0001929785794345662,0.8820503950119019,0.0008970071212388575,0.0002519808476790786,0.8174386620521545,2.0007316834380617e-06,0.000363787665264681,-1.5752012729644775,-0.0007887152023613453,0.000793960876762867,1.944615125656128,-0.00044719906873069704,-5.842715108883567e-05,-3.95717716217041,0.0003118861059192568,8.069932664511725e-05,6.500498294830322,-5.56632257939782e-05,0.0002738914336077869
data/train_audio/blujay/XC383966.mp3,0.3169989640268536,170928,-75.09921264648438,-79.96343994140625,5.486695044965018e-07,2.54059136750584e-06,4022.6876605840644,-0.06082858068696333,-0.1643586302246475,0.5170530676841736,0.5230993628501892,0.43889564275741577,0.4293970763683319,0.4049172103404999,0.38009536266326904,0.3356025516986847,0.346944123506546,0.41515517234802246,0.45508649945259094,0.4593360722064972,0.4430590867996216,117.45383522727273,6416.21906004931,1.2392306327819824,2246.4475906827724,2651.9386568537634,3005.5780129546683,-375.2423400878906,0.015466378070414066,-0.09183599799871445,-36.7036018371582,0.0035861381329596043,0.01670035719871521,-78.00920867919922,-0.017295483499765396,0.016573557630181313,5.001574516296387,-0.03552142158150673,0.009180929511785507,-10.609461784362793,-0.011584247462451458,0.006164210848510265,26.019933700561523,-0.00821884348988533,-0.0171843022108078,23.79282569885254,0.0008552726940251887,-0.0033367371652275324,19.574724197387695,-0.00245016161352396,-0.0019752534572035074,9.034470558166504,0.0076354630291461945,-0.0034134541638195515,7.665229797363281,0.004041914828121662,-3.9993585232878104e-05,-3.1642837524414062,-0.01619569957256317,0.0030921739526093006,4.027247905731201,-0.013319590128958225,0.0005481508560478687,2.8565516471862793,0.01304968073964119,0.006085231434553862,9.984660148620605,0.005568393040448427,0.00011817878839792684,0.47769710421562195,-0.008379725739359856,-0.0026907622814178467,7.102230548858643,0.008480191230773926,-0.004579944536089897,-0.37348228693008423,0.005092366132885218,0.003950085490942001,3.223496913909912,-0.013805164955556393,-0.002497557085007429,-1.0110069513320923,-0.01541915163397789,-0.0014982441207394004,3.013601779937744,0.010595981031656265,-0.005147296469658613
data/train_audio/blujay/XC385026.mp3,0.2870287413990826,64231,-65.3371353149414,-77.11917877197266,-3.051806970688631e-06,-7.331032975343987e-06,3824.7505105245336,0.1376087129674036,-0.14020398277228577,0.5169734954833984,0.5350220799446106,0.5996453762054443,0.6665887832641602,0.5595146417617798,0.5310468077659607,0.5349664092063904,0.6432282328605652,0.7453104853630066,0.6157688498497009,0.5447872877120972,0.5136820077896118,172.265625,7165.741302770212,1.0801821947097778,2736.5842721691365,3107.9584915729833,3423.4485079273945,-402.5767517089844,-0.009425356052815914,-0.026874659582972527,34.74665069580078,-0.006769931875169277,0.0001443591754650697,-15.644072532653809,0.001990789780393243,0.004128412809222937,13.477147102355957,0.019138667732477188,0.004533710889518261,-10.110014915466309,0.021246369928121567,0.0037895594723522663,-4.70987606048584,0.03366689756512642,-0.008687213063240051,-6.771028995513916,0.025483358651399612,-0.011853769421577454,0.16793444752693176,0.005858117714524269,-0.0023031781893223524,-8.073211669921875,-0.0019127229461446404,0.007851640693843365,1.3200182914733887,0.003830310422927141,0.009773768484592438,-3.4763340950012207,0.012530002743005753,-0.0009453974780626595,-1.0906072854995728,0.0023358245380222797,-0.004440070129930973,-8.511130332946777,-0.0030416063964366913,0.002114224946126342,1.993840217590332,-0.005467685870826244,0.007794491946697235,-3.0666842460632324,0.002454247558489442,-5.357445843401365e-05,2.908107280731201,0.0007266090833581984,-0.00030939295538701117,-5.56610631942749,0.0053971693851053715,0.005901412572711706,1.0101484060287476,-0.0034038107842206955,0.008295170962810516,1.589848279953003,-0.003914387430995703,0.001284874859265983,2.099600076675415,0.011731862090528011,0.004131384659558535
data/train_audio/blujay/XC388596.mp3,0.530010986328125,130392,-66.6462631225586,-79.26990509033203,4.4926233044861874e-07,1.9003049374077818e-06,5566.161760875726,1.7505779186247634,-0.5263645355781967,0.02323037013411522,0.021940024569630623,0.028405869379639626,0.03505605086684227,0.034326665103435516,0.04037238657474518,0.10397318005561829,0.4081724286079407,0.9032177329063416,0.7276309132575989,0.17243626713752747,0.035068415105342865,198.76802884615384,7149.786071777344,1.100440502166748,2033.5471313187766,2404.1225758438986,2716.7076537407,-371.31439208984375,-0.2898641526699066,-0.288810670375824,-50.28548049926758,-0.08243631571531296,0.08127772063016891,-32.53812789916992,-0.0061070481315255165,0.047442372888326645,9.304574012756348,-0.013388216495513916,-0.012320364825427532,-5.042264461517334,0.012191870249807835,-0.011820822954177856,41.825435638427734,0.011537585407495499,-0.049923013895750046,4.5303730964660645,-0.01647312007844448,-0.022252360358834267,45.44511032104492,0.0012778977397829294,-0.0352570042014122,-18.78421401977539,-0.0037378331180661917,0.0012089217780157924,22.17629051208496,-0.024246495217084885,-0.0069678048603236675,-7.300580024719238,0.0012591987615451217,-0.0005866308929398656,-4.2285895347595215,-0.00197262573055923,0.004392410162836313,9.730653762817383,0.0068971943110227585,-0.011363732628524303,-2.3949809074401855,-0.0005823246901854873,-0.014421041123569012,12.513381958007812,-0.015185698866844177,-0.00679972255602479,-1.895145297050476,-0.02061004377901554,-0.010562817566096783,6.404822826385498,-0.008817649446427822,-0.01681937836110592,-2.151550054550171,-0.015151205472648144,-0.004128993488848209,3.6452012062072754,-0.00044908621930517256,0.0012481753947213292,6.782592296600342,-0.02347083017230034,-0.00762422289699316
data/train_audio/blujay/XC388611.mp3,0.41055692406002636,398690,-70.36546325683594,-79.61871337890625,8.129534876388789e-07,2.1215782908257097e-06,4912.465485749797,-0.22909392469958564,-0.06091499142206199,0.7243173122406006,0.288971483707428,0.18492180109024048,0.13315798342227936,0.13051961362361908,0.15958744287490845,0.22014637291431427,0.2837219536304474,0.28108420968055725,0.3166137933731079,0.5725284218788147,0.9209862947463989,117.45383522727273,7802.649898478727,0.9691278338432312,2448.715191256101,2744.208256468071,2987.663078498466,-412.03021240234375,-0.003287983126938343,-0.05567191168665886,-56.87385559082031,-0.0009786479640752077,-0.000970280438195914,-53.28379440307617,-0.007248834706842899,-0.0012500525917857885,-3.718273878097534,0.0020884419791400433,-0.0020832037553191185,-7.5204291343688965,0.0032517374493181705,-0.0014990196796134114,35.21568298339844,-0.002806791802868247,-0.0054572816006839275,15.246445655822754,0.006165946833789349,-0.0031823627650737762,21.410125732421875,-0.0034679670352488756,-0.004398801364004612,5.080844879150391,0.005927064921706915,-0.001558226766064763,16.487524032592773,-0.005629069171845913,-0.006506912875920534,-21.1709041595459,0.0015131514519453049,-0.0020470204763114452,13.578546524047852,-0.0050895679742097855,0.0006744387210346758,4.273060321807861,-0.003100873902440071,-4.099365105503239e-05,2.048081636428833,0.0031100159976631403,-0.00012562684423755854,6.112907409667969,0.0006008570780977607,-0.0007349752704612911,6.172138690948486,0.0007406773511320353,5.226336725172587e-06,0.583673357963562,-0.005579567980021238,0.0026728215161710978,11.225194931030273,0.0024828570894896984,-0.00023723945196252316,-7.947054386138916,0.0013123706448823214,-0.003251605900004506,7.000878810882568,0.003742125816643238,-0.005267055239528418
data/train_audio/blujay/XC389235.mp3,0.3900905039612676,354846,-39.4022216796875,-78.95783233642578,-0.0002052266790997237,-0.0002473440836183727,5372.1202434833285,-0.10685668274845214,-0.06795314932656268,0.45499399304389954,0.5015581250190735,0.5242789387702942,0.6109785437583923,0.5279541611671448,0.29976776242256165,0.30646854639053345,0.43218275904655457,0.6188585162162781,0.6482925415039062,0.44107136130332947,0.426592618227005,86.1328125,8928.964073503521,1.016364336013794,3020.6623408366117,3347.6213792583258,3605.7190902074517,-284.8837585449219,0.03774205967783928,-0.051626723259687424,-9.284154891967773,0.01355498656630516,0.0009793504141271114,11.65300178527832,-0.0012284636031836271,-0.003411359852179885,20.302331924438477,-0.0035782773047685623,-0.0027143375482410192,12.475525856018066,-0.0028945449739694595,-0.0006471025408245623,3.1374106407165527,-0.005953358486294746,0.002334522781893611,14.663008689880371,0.002093476941809058,-0.00016980171494651586,6.6680521965026855,-0.0009566242806613445,0.0014400025829672813,0.04709286987781525,0.003959795460104942,-0.0005809091380797327,9.836250305175781,0.004192136228084564,-0.0011766036041080952,0.23834486305713654,0.0013735108077526093,0.00116718839854002,0.39695441722869873,0.00019193871412426233,0.0015454557724297047,-3.3799779415130615,-0.003724590875208378,0.0018991349497810006,3.280427932739258,-0.00597764365375042,-0.0004066882247570902,-0.5208702683448792,-0.002346639521420002,0.0043277377262711525,-0.6231594681739807,0.0027041092980653048,0.0014279293827712536,-4.398501396179199,0.0008143583545461297,-0.004282280337065458,-0.26758521795272827,-0.002524927258491516,-0.0012014758540317416,-0.6225216388702393,-0.0037470199167728424,-0.0011990121565759182,-0.10370531678199768,-0.006423708982765675,0.0027063654270023108
data/train_audio/blujay/XC390940.mp3,0.2970011339047936,228706,-63.66618347167969,-79.99093627929688,-3.611273996284581e-06,-9.964928722183686e-06,4012.637809234354,0.05099180548167122,-0.02137879582684353,0.5446240901947021,0.5200960040092468,0.536357581615448,0.5473198890686035,0.5439049005508423,0.6022452712059021,0.6370909810066223,0.6586079597473145,0.6558449268341064,0.6404861807823181,0.646776556968689,0.6535054445266724,143.5546875,7731.380457566994,1.000939130783081,2991.663613426437,3316.626025374912,3588.998551793298,-458.0285949707031,0.02325376123189926,-0.05727959796786308,42.73530578613281,-0.006655788514763117,0.002000366570428014,-5.015129089355469,-0.010879140347242355,0.003927784971892834,-4.4624834060668945,0.003297707298770547,-0.003851187415421009,-14.513738632202148,0.00024813119671307504,-0.002293320605531335,-6.211639881134033,-0.004662925377488136,-0.0005645531346090138,-12.2526216506958,0.002600773237645626,-0.0063451798632740974,1.401850700378418,-0.003888147883117199,-0.0030477475374937057,-7.909538745880127,-0.012281288392841816,0.005327149294316769,2.058742046356201,0.0009514761622995138,0.0034566691610962152,-9.465999603271484,-0.003113279351964593,-0.0018172342097386718,-0.1649627536535263,-0.006667503621429205,-0.001924151903949678,-6.938276290893555,-0.0030383251141756773,0.00240864185616374,-1.099560022354126,0.002142625628039241,0.005301154684275389,-6.949312210083008,-0.00327494484372437,0.004268171265721321,1.298445701599121,-0.0014326591044664383,0.0007465002126991749,-2.5331339836120605,-0.0034560661297291517,-0.006344478577375412,2.072840929031372,0.0001091917438316159,-0.0032688381616026163,-5.598342418670654,0.0015971327666193247,0.0026037266943603754,1.0189874172210693,0.00535971624776721,0.0028146281838417053
data/train_audio/blujay/XC390941.mp3,0.2952467804820416,80118,-64.41234588623047,-79.98149871826172,-2.763650172710186e-06,-1.0602390830172226e-05,3801.0929193976776,0.26432854640703096,0.147795249743341,0.5849995613098145,0.6213093996047974,0.6016179323196411,0.5974317789077759,0.6531243324279785,0.6505610942840576,0.6415560841560364,0.6697962284088135,0.6233248114585876,0.5507553219795227,0.5375446081161499,0.5547855496406555,99.38401442307692,7027.904258107868,1.1025404930114746,2759.8929155402143,3127.8585766905762,3440.7239823114232,-439.4573974609375,0.024637361988425255,-0.2155945748090744,41.38664245605469,-0.007030772045254707,-0.02001706324517727,-9.909297943115234,-0.0004251584759913385,-0.01705583557486534,7.191957473754883,0.015164968557655811,-0.014467177912592888,-16.805688858032227,0.012440945021808147,0.0017587309703230858,-2.7410037517547607,-0.0030499515123665333,-0.012244139797985554,-14.47519302368164,0.01138354279100895,-0.017255708575248718,1.9376301765441895,0.021223710849881172,-0.002261202782392502,-6.330155849456787,0.014452784322202206,0.004311674740165472,-2.737997531890869,0.004737210460007191,-0.0017848925199359655,-5.110169887542725,0.007090225350111723,0.0007271076901815832,1.8985896110534668,0.008477889932692051,-0.00355945504270494,-7.123331069946289,-0.003692622296512127,0.0005863902624696493,-2.070094108581543,-0.020625315606594086,-0.004586711060255766,-7.058742523193359,-0.023459209129214287,-0.0016512870788574219,1.408962368965149,-0.014254876412451267,-0.003954690415412188,-2.5339114665985107,-0.028203824535012245,0.009593918919563293,1.5460933446884155,-0.0009014782262966037,0.009339424781501293,-4.079368591308594,0.009797186590731144,-0.011106492020189762,3.284986972808838,-0.008924150839447975,-0.007252119947224855
data/train_audio/blujay/XC416746.mp3,0.21912436770953342,194950,-79.95763397216797,-80.0,-7.62224150463453e-09,2.8435619014999247e-07,3032.4577366899643,-0.22619981638566886,-0.008139000426065551,0.38939177989959717,0.3956416845321655,0.4459714889526367,0.46242520213127136,0.4735412895679474,0.4824136793613434,0.517350971698761,0.5972576141357422,0.6539654731750488,0.492037832736969,0.45285382866859436,0.405943900346756,215.33203125,5072.774874779486,1.0607391595840454,2231.992279377131,2764.897111101219,3237.0566755874365,-359.4743957519531,0.04183744639158249,-0.05561855807900429,35.65572738647461,0.02420554682612419,0.005813955795019865,-67.2746353149414,0.014270716346800327,0.02063731849193573,-10.735344886779785,0.010548616759479046,0.011652550660073757,-24.74081039428711,-0.001508378772996366,0.018769176676869392,-26.93410301208496,0.013563861139118671,0.011907977052032948,-23.669349670410156,0.013943997211754322,0.009866872802376747,-19.027761459350586,0.004315547179430723,0.007058935705572367,-33.14142990112305,0.004316669888794422,0.013127533718943596,-12.791647911071777,0.011515472084283829,0.0037951073609292507,-18.058849334716797,0.0014718979364261031,0.006165128666907549,-18.26482582092285,-0.0016389420488849282,0.003339071525260806,-14.855414390563965,0.003940710797905922,0.0013249563053250313,-6.159677505493164,0.004657101351767778,0.0018503243336454034,-10.720279693603516,-0.0021018176339566708,-0.0013903967337682843,0.9485556483268738,0.011006604880094528,0.001945595839060843,-6.029085159301758,0.0033599883317947388,0.0052458178251981735,0.8181039094924927,-0.007568005472421646,-0.0004838058084715158,5.106958866119385,0.004959756508469582,-0.0039045591838657856,6.725492477416992,-0.0013262368738651276,0.0018153038108721375
data/train_audio/blujay/XC421264.mp3,0.05884481779844291,43642,-33.10605239868164,-40.75110626220703,-8.092620191746391e-06,3.357193781994283e-05,1800.8032122617465,0.0584242049822745,-0.06170352125484629,0.48302531242370605,0.4873463213443756,0.5355199575424194,0.6332679986953735,0.6805566549301147,0.7101925015449524,0.6793196201324463,0.6449995636940002,0.6737124919891357,0.5836499333381653,0.5220694541931152,0.48053988814353943,184.5703125,4169.364592344291,0.9773863554000854,2250.256982282491,2807.9900403368765,3335.7280662284106,-324.41162109375,-0.008467798121273518,-0.021816203370690346,76.63095092773438,0.002119539538398385,0.014240957796573639,4.551596641540527,0.007857654243707657,0.006350566167384386,62.4396858215332,0.015232658945024014,-0.014252942055463791,18.90595054626465,0.005870165769010782,-0.00266872625797987,27.141490936279297,0.00812037568539381,-0.003896381240338087,6.804148197174072,0.004046209622174501,0.00248565711081028,11.637103080749512,-0.00017953760107047856,0.001535292947664857,-8.981534957885742,-0.0029511272441595793,0.0013581927632912993,1.330848217010498,-0.008894269354641438,-0.0034224316477775574,1.2674152851104736,-0.010703328996896744,-0.002316909609362483,1.5538631677627563,-0.007218637503683567,0.0007848267559893429,3.2416961193084717,-0.00377769791521132,-0.001762851607054472,11.460066795349121,0.0021661820355802774,-0.0021721324883401394,5.799683570861816,0.0057725245133042336,-0.00018890638602897525,5.946938514709473,-0.006269926205277443,-0.00030208154930733144,-1.3002842664718628,-0.0034583574160933495,0.000897570454981178,3.869330644607544,0.0016368707874789834,0.00020711883553303778,2.8953070640563965,-0.006114155985414982,0.0016801091842353344,4.021169185638428,-0.007499684114009142,0.0019859171006828547
data/train_audio/blujay/XC463860.mp3,0.3349201165594855,160199,-79.992431640625,-80.0,-6.185959744442471e-09,-1.6779965861246637e-08,4290.721567294497,-1.23158736213478,-0.3734419344285256,0.4416036307811737,0.5469175577163696,0.6287431120872498,0.520654022693634,0.4631318151950836,0.45574548840522766,0.46989840269088745,0.6992708444595337,0.5209575295448303,0.4454594850540161,0.4652971923351288,0.46538594365119934,89.10290948275862,7586.6921378868565,1.0339453220367432,2634.724887456521,2975.3795707601435,3266.508121288216,-491.49151611328125,0.01036678534001112,-0.010509785264730453,-12.394338607788086,0.018799318000674248,0.012123296037316322,-55.48348617553711,-0.034015554934740067,-0.002900359919294715,-7.072671890258789,-0.009196478873491287,-0.0037310218904167414,-22.25453758239746,-0.000628952810075134,-0.0009213030571117997,-15.671281814575195,-0.000353045150404796,-0.0014391911681741476,-11.161815643310547,-0.010073808021843433,0.006383691448718309,0.08047131448984146,-0.01075326930731535,-0.00583315547555685,-10.296554565429688,0.006798896938562393,0.00761576509103179,-1.3316417932510376,-0.011536135338246822,0.00010247284080833197,-3.595125436782837,0.006155533250421286,0.002837174106389284,-1.3778252601623535,-0.0009647412225604057,0.0014117407845333219,-5.517454624176025,0.0134250707924366,0.0028624350670725107,2.058734178543091,-0.012655474245548248,-0.0036553298123180866,-9.21297550201416,0.008863965049386024,0.0012476942501962185,-0.34158971905708313,-0.006216908805072308,0.004568074364215136,-7.452237606048584,-0.009533481672406197,0.008033135905861855,-0.9146104454994202,-0.005497205536812544,0.0029022456146776676,-2.671804428100586,-0.00031576227047480643,0.0005767920520156622,1.5184141397476196,-0.0028329375199973583,0.0011878726072609425
data/train_audio/blujay/XC468380.mp3,0.0687573273771022,54473,-55.46875,-54.58491516113281,-9.134334504778963e-06,-0.00015746618737466633,1554.6030724467048,-0.17974338075272156,0.19764227438250973,0.5755314230918884,0.5613887310028076,0.5445481538772583,0.5353266596794128,0.575545608997345,0.637184739112854,0.6039600968360901,0.6043849587440491,0.6409007906913757,0.7047083377838135,0.6931909322738647,0.6093431711196899,92.28515625,3165.5688918731807,1.0843963623046875,1824.7797436231842,2401.4376896533486,2976.566118819237,-191.25250244140625,0.2161027044057846,-0.05222078412771225,133.84738159179688,0.013050314038991928,-0.0033841219265013933,-26.85189437866211,-0.00013166628195904195,-0.009972765110433102,26.51398468017578,-8.152928057825193e-05,-0.018016932532191277,-2.014647960662842,0.008427826687693596,0.0017740674084052444,20.940786361694336,-0.0001932411832967773,-0.012398537248373032,19.649906158447266,0.002420491073280573,0.0008421530365012586,13.734675407409668,0.0029723115731030703,0.005768899340182543,9.27170181274414,0.006117049138993025,-0.0032669431529939175,13.017847061157227,-0.0006348901661112905,-0.00016460628830827773,5.428844451904297,-0.001468599191866815,-0.005901142954826355,3.232395648956299,0.005768373608589172,0.0006867849151603878,3.610422372817993,-0.0007105874246917665,-0.006165316328406334,5.937238693237305,0.001383028575219214,-0.005296173971146345,-0.7515068650245667,-0.007710549980401993,0.006234678439795971,4.042746543884277,0.0020244112238287926,-0.0015470259822905064,-0.9528151154518127,-0.00038255294202826917,0.00030351465102285147,3.0587308406829834,0.005564505234360695,-0.0029499907977879047,-0.7780950665473938,-0.008759617805480957,-0.0006779603427276015,-1.6157431602478027,0.001366207841783762,0.00047563365660607815
data/train_audio/blujay/XC474990.mp3,0.23268895921214225,558130,-79.98314666748047,-80.0,-4.558870614346233e-09,-3.049930796805711e-08,2882.4743189163764,0.043551485659561746,-0.0037380597000910743,0.5229575634002686,0.4748421907424927,0.5066090226173401,0.5438568592071533,0.46110716462135315,0.5187935829162598,0.5571365356445312,0.4938310980796814,0.4817029535770416,0.4615158438682556,0.4660695493221283,0.5089356899261475,129.19921875,4823.58697225578,1.1192593574523926,1949.257113338774,2378.7369460292225,2792.0533563835816,-361.8739929199219,-0.01914377324283123,-0.03311871737241745,48.77824020385742,-0.0048461840488016605,-0.0022036919835954905,-81.21214294433594,0.005536082200706005,0.009042147547006607,7.93162727355957,0.0008986431057564914,-0.0005806460976600647,-40.53977584838867,-0.001991578843444586,0.007771164178848267,-20.09842872619629,0.0001462492800783366,0.002166745951399207,-23.65505027770996,0.000779764202889055,0.004767976235598326,-8.793025016784668,-0.004644421394914389,0.0013281319988891482,-28.32852554321289,0.0005519220139831305,0.003536456963047385,-22.50290870666504,-1.9304266970721073e-05,0.004630072042346001,-22.411457061767578,0.0013363206526264548,0.0020473520271480083,-21.969287872314453,0.00208121445029974,0.0035548864398151636,-17.96563720703125,-0.0024489648640155792,0.0013511996949091554,-9.961111068725586,-0.0005758210900239646,0.001443738816305995,-11.356925010681152,0.0006611173157580197,0.0016820752061903477,-11.196357727050781,-0.000849215080961585,0.0016932045109570026,-9.088042259216309,0.00017477273650001734,0.0017055076314136386,-5.302990436553955,-0.0009100321913138032,-0.0007305494509637356,-5.033075332641602,0.0024274755269289017,0.0005263958009891212,0.4523908495903015,0.00036784535041078925,-0.0006438078708015382
data/train_audio/blujay/XC475108.mp3,0.2028933361748964,150540,-67.17293548583984,-79.58320617675781,-1.4114240443063863e-08,-5.59697753033106e-07,3379.3391323381293,0.3156674385695402,0.2407801336200518,0.559457004070282,0.5673341155052185,0.6175673604011536,0.6012640595436096,0.5506606101989746,0.4737585186958313,0.48745450377464294,0.4996259808540344,0.4572567641735077,0.4561355412006378,0.4762504994869232,0.5516628623008728,117.45383522727273,6469.2999233857045,1.3290798664093018,2640.7515334945633,3065.4963192814107,3442.5948878032,-304.8109130859375,-0.10723280161619186,-0.0835081934928894,38.11160659790039,-0.0024147336371243,-0.019605126231908798,-29.632423400878906,0.023754410445690155,-0.0025370733346790075,23.343412399291992,-0.01243269070982933,-0.00016625480202492326,5.500448703765869,-0.011040860787034035,-0.0036483232397586107,11.897842407226562,-0.003019315656274557,-0.008808815851807594,6.0606770515441895,-0.004536637105047703,-0.010419043712317944,16.950225830078125,0.011215104721486568,-0.002833283506333828,8.293367385864258,0.0028979990165680647,-0.008747680112719536,9.479122161865234,-0.005617489572614431,-0.0014184407191351056,9.690690994262695,-0.005589926615357399,-0.0038113591726869345,12.145061492919922,-0.0006472471868619323,-0.0012707244604825974,4.001293182373047,0.00690465746447444,0.0009949055965989828,4.033730506896973,0.0007220575935207307,-0.0026337848976254463,-0.5706345438957214,0.003258270211517811,-0.002169192535802722,2.8368027210235596,-0.009870833717286587,-0.0007068369304761291,-0.5785618424415588,-0.0054030572064220905,0.00590966222807765,1.9887007474899292,-0.0027149717789143324,-0.0013495710445567966,-4.219472408294678,0.0007928654085844755,-0.0012202865909785032,-2.313758373260498,-0.0017594400560483336,0.0009803823195397854
data/train_audio/blujay/XC476525.mp3,0.1686109721366995,52686,-68.29756927490234,-79.68510437011719,-6.224257020903678e-08,-2.137308683813899e-06,2349.6421095935098,-0.3439139382653471,-0.10273193944465589,0.44332703948020935,0.4110885262489319,0.397396057844162,0.377553254365921,0.36717385053634644,0.4510226845741272,0.5959358215332031,0.6807796359062195,0.6274590492248535,0.4776252508163452,0.48189109563827515,0.4686613082885742,99.38401442307692,4218.103448275862,1.1401716470718384,1897.3291331797873,2377.2508176658807,2836.0108185035797,-372.1834716796875,0.1334937959909439,-0.1483379304409027,94.85087585449219,0.0578816719353199,-0.03143055737018585,-22.337276458740234,-0.048694510012865067,0.03134910762310028,32.56341552734375,-0.014303864911198616,-0.02458374574780464,-10.489871978759766,-0.004158486146479845,0.011446771211922169,7.420111179351807,0.003916887566447258,-0.022465785965323448,-2.7311952114105225,0.02356443740427494,0.007552402094006538,0.5383297801017761,-0.005296803079545498,0.014243105426430702,-10.913660049438477,-0.013424020260572433,-0.013139869086444378,-0.6527704000473022,0.0047327009961009026,0.00407326128333807,0.6972910761833191,-0.0010027058888226748,-0.015421424061059952,-6.042709827423096,0.005644666962325573,-0.015753768384456635,0.5847947597503662,0.0004358737787697464,0.0072285765781998634,8.151123046875,-0.0050713191740214825,-0.00505386758595705,1.009458303451538,0.003748434828594327,-0.001458536833524704,2.2782537937164307,-0.002268547657877207,0.001208168687298894,2.2721712589263916,-0.004653048235923052,-0.0027881052810698748,-1.8713587522506714,-0.00045692469575442374,0.002754202112555504,0.36385422945022583,-0.006197011563926935,0.008573716506361961,8.475578308105469,0.0095227574929595,0.0036645252257585526
data/train_audio/blujay/XC493888.mp3,0.38313332950367646,333835,-43.48801040649414,-41.118125915527344,-3.5887392186850775e-06,-2.481556475686375e-05,4396.54410352505,-0.14130413807214662,-0.04669786679477422,0.2504838705062866,0.24669760465621948,0.2671687602996826,0.2594010531902313,0.2585075795650482,0.39832475781440735,0.8252315521240234,0.9729921817779541,0.6462846994400024,0.38694775104522705,0.29272159934043884,0.27428027987480164,112.34714673913044,7080.52885167739,0.9630648493766785,2954.676662552574,3154.7723972114354,3318.334147920503,-304.4137878417969,-0.020350376144051552,-0.0033049213234335184,72.1622543334961,0.00688367011025548,0.0008208814542740583,48.42417907714844,-0.0021719271317124367,0.007344897836446762,-1.6124529838562012,0.006334513425827026,-0.00016534194583073258,-4.690469741821289,-0.006330597680062056,-0.0035285495687276125,48.320560455322266,0.014035016298294067,-0.0022038414608687162,-34.565006256103516,-0.003722431603819132,0.0035817455500364304,51.12197494506836,0.006427364889532328,-0.0019158305367454886,-24.246829986572266,0.003242871258407831,-0.0013773251557722688,14.70285701751709,-0.0038808025419712067,-0.0012711972231045365,1.3845198154449463,0.00019308623450342566,0.002082322956994176,-7.287278652191162,-0.01034963596612215,-0.00034830038202926517,6.197428226470947,0.0038872407749295235,0.002723351586610079,1.1983411312103271,-0.0011204166803508997,0.0022554919123649597,-5.798328399658203,0.001983943162485957,0.0002476804656907916,5.951655387878418,-0.003564237616956234,-0.0010438294848427176,-5.849427700042725,0.005748827941715717,0.004103193990886211,5.625648021697998,-0.00602688267827034,0.0027589891105890274,-5.528144359588623,0.007111880462616682,0.00043943614582531154,3.9221272468566895,-0.008694030344486237,-0.0005583819001913071
data/train_audio/blujay/XC57384.mp3,0.3364407225367197,140943,-35.7094612121582,-39.86654281616211,0.005776682868599892,0.0009628152474761009,4309.805018718762,2.0009244613153383,-0.37338916196918615,0.7099881172180176,0.5884174108505249,0.5824534296989441,0.5296671986579895,0.4782825708389282,0.5703357458114624,0.6061573028564453,0.5469174385070801,0.5401625037193298,0.5462589859962463,0.7190508246421814,0.8030874133110046,117.45383522727273,7985.761013521267,1.021700143814087,3124.3029102352475,3364.8352655890008,3550.6259032983717,-115.52495574951172,0.0531286746263504,-0.04926086589694023,42.28744125366211,-0.036450035870075226,0.012446623295545578,28.51165199279785,-0.01285629440099001,-0.005255642347037792,18.724864959716797,0.007267356850206852,0.00440018018707633,-3.9856178760528564,-0.017015675082802773,-0.0013565567787736654,13.274097442626953,0.0009295651689171791,-0.0012351678451523185,-8.483635902404785,-0.010375283658504486,0.0049405875615775585,12.455536842346191,-0.007475033402442932,0.0027908198535442352,-9.705828666687012,-0.0018184076761826873,-0.0013049386907368898,11.399821281433105,-0.012645992450416088,-0.0008351712604053319,-6.165689468383789,-0.01702134683728218,0.004110116045922041,7.217841625213623,-0.012601581402122974,0.006915957201272249,-6.037493705749512,-0.0019758958369493484,-0.001042964868247509,7.9281110763549805,-0.004608703311532736,-0.001535226358100772,-5.276875019073486,-0.004795597866177559,0.00330130523070693,5.819382667541504,-0.0059829698875546455,-0.008207126520574093,-5.731669902801514,-0.0036368335131555796,0.0005445906426757574,5.5650129318237305,-0.007752752397209406,0.000925299886148423,-2.925518274307251,-0.002798628993332386,0.004599856678396463,2.9963953495025635,0.0012188348919153214,0.004148397594690323
data/train_audio/blujay/XC86755.mp3,0.25263256947078905,85368,-78.36744689941406,-80.0,8.800516582141427e-08,-6.222863113691801e-09,3455.272692155298,0.8369164753486881,-0.026433372283575157,0.27778297662734985,0.2637641131877899,0.2556586265563965,0.28685614466667175,0.3025926649570465,0.29107436537742615,0.3311830461025238,0.4745540916919708,0.7014283537864685,0.655157744884491,0.38981422781944275,0.2936479151248932,123.046875,5884.789149931241,1.2218416929244995,2214.546264608269,2693.152911917692,3106.4500236761746,-246.18617248535156,0.008714783005416393,-0.1453864425420761,17.410432815551758,-0.035755500197410583,-0.013503805734217167,-49.311920166015625,-0.02249133586883545,0.00780597934499383,9.265145301818848,0.005656507331877947,-0.004698131233453751,-28.184642791748047,0.0020070213358849287,-0.006750413682311773,-15.384023666381836,0.0018292312743142247,0.0054361834190785885,2.5507349967956543,-0.011209486983716488,0.010195829905569553,-0.2318938672542572,0.004425108898431063,0.0002105831226799637,-17.159208297729492,0.012743505649268627,-0.003936008550226688,16.204891204833984,-0.006530999206006527,-0.012582585215568542,-5.1804680824279785,0.0017087303567677736,-0.010800626128911972,-5.449018478393555,-0.013031169772148132,0.0019396374700590968,-6.711957931518555,-0.011932662688195705,0.007520811632275581,4.520107746124268,-0.009416311047971249,0.0008592333178967237,-1.300134301185608,-0.010902844369411469,-4.4487856939667836e-05,-0.4189379811286926,-0.0062517751939594746,-0.0019223481649532914,-6.422104835510254,-0.02652316726744175,0.00797902513295412,1.586951494216919,-0.006299239583313465,-0.00146843446418643,0.36415988206863403,0.0059837899170815945,0.0003781322157010436,1.5955629348754883,0.00726620526984334,0.0015328929293900728
